 best result is in generation         298 sampling=          76
 best value of Objective function is  4.410122733343612E-002
 best design variables
   2.90890549775424     
   3.00000000000000     
   2.59379113911333     
   1.93458065506004     
   1.00000000000000     
   1.99199745745212     
   1.00000000000000     
   1.76579634563451     
   1.00000000000000     
   1.00000000000000     
   1.00000000000000     
   1.00000000000000     
   1.00000000000000     
   1.00000000000000     
   1.00000000000000     
   1.00000000000000     
   1.00000000000000     
   1.00000000000000     
   1.00000000000000     
   1.00000000000000     
   3.00000000000000     
   3.00000000000000     
   3.00000000000000     
   1.00000000000000     
   1.28264496817820     
   1.00000000000000     
   1.00000000000000     
   1.00000000000000     
   1.00000000000000     
   1.00000000000000     
   1.00000000000000     
   1.00000000000000     
   1.00000000000000     
   1.00000000000000     
   1.00000000000000     
   1.00000000000000     
   1.00000000000000     
   1.00000000000000     
   1.00000000000000     
   1.00000000000000     
   3.00000000000000     
   3.00000000000000     
   2.60724943281362     
   2.61654342339149     
   1.00000000000000     
   1.27439774193907     
   1.03739247891704     
   1.00000000000000     
   1.00000000000000     
   1.16434887892601     
   1.00000000000000     
   1.00000000000000     
   1.00000000000000     
   1.00000000000000     
   1.00000000000000     
   1.00000000000000     
   1.00000000000000     
   1.00000000000000     
   1.00000000000000     
   1.00000000000000     
   3.00000000000000     
   2.91454607641439     
   2.75929254241019     
   1.00000000000000     
   1.00000000000000     
   1.29679095836748     
   1.00000000000000     
   1.00000000000000     
   1.00000000000000     
   1.00000000000000     
   1.00000000000000     
   1.00000000000000     
   1.00000000000000     
   1.00000000000000     
   1.00000000000000     
   1.00000000000000     
   1.00000000000000     
   1.00000000000000     
   1.00000000000000     
   1.00000000000000     
   3.00000000000000     
   3.00000000000000     
   3.00000000000000     
   1.59344708994275     
   1.42101942399166     
   1.06237322372724     
   1.00000000000000     
   1.00000000000000     
   1.00000000000000     
   1.00000000000000     
   1.00000000000000     
   1.00000000000000     
   1.00000000000000     
   1.00000000000000     
   1.00000000000000     
   1.00000000000000     
   1.00000000000000     
   1.00000000000000     
   1.00000000000000     
   1.00000000000000     
   3.00000000000000     
   3.00000000000000     
   1.54799142935068     
   2.08554653969370     
   1.00000000000000     
   2.42278594805274     
   1.78885675424677     
   1.00000000000000     
   1.00000000000000     
   1.00000000000000     
   1.00000000000000     
   1.00000000000000     
   1.00000000000000     
   1.00000000000000     
   1.00000000000000     
   1.00000000000000     
   1.00000000000000     
   1.00000000000000     
   1.00000000000000     
   1.00000000000000     
   1.00000000000000     
   1.25793447238543     
   2.47295944451024     
   2.68392349384509     
   3.00000000000000     
   3.00000000000000     
   3.00000000000000     
   1.00000000000000     
   1.00000000000000     
   1.00000000000000     
   1.00000000000000     
   1.00000000000000     
   1.00000000000000     
   1.00000000000000     
   1.00000000000000     
   1.00000000000000     
   1.00000000000000     
   1.00000000000000     
   1.00000000000000     
   1.00000000000000     
   1.00000000000000     
   1.00000000000000     
   2.75650169490700     
   3.00000000000000     
   3.00000000000000     
   3.00000000000000     
   3.00000000000000     
   1.00000000000000     
   1.00000000000000     
   1.00000000000000     
   1.00000000000000     
   1.00000000000000     
   1.33748613126761     
   1.03857944722795     
   1.00000000000000     
   1.00000000000000     
   1.00000000000000     
   1.00000000000000     
   1.00000000000000     
   1.00000000000000     
   1.00000000000000     
   1.00000000000000     
   3.00000000000000     
   3.00000000000000     
   2.82876194105348     
   3.00000000000000     
   1.00000000000000     
   1.99873401291458     
   1.01096133115675     
   1.00000000000000     
   1.00000000000000     
   1.00000000000000     
   1.00000000000000     
   1.00000000000000     
   1.00000000000000     
   1.00000000000000     
   1.02127759140060     
   1.00000000000000     
   1.00000000000000     
   1.00000000000000     
   1.00000000000000     
   1.00000000000000     
   3.00000000000000     
   2.43888993057811     
   2.87962705918929     
   3.00000000000000     
   3.00000000000000     
   2.11205003880999     
   1.00000000000000     
   1.00000000000000     
   1.00000000000000     
   1.00000000000000     
   1.00000000000000     
   1.00000000000000     
   1.00000000000000     
   1.00000000000000     
   1.00000000000000     
   1.00000000000000     
   1.09811566497655     
   1.00000000000000     
   1.00000000000000     
   1.00000000000000     
   1.00000000000000     
   3.00000000000000     
   2.97764989299918     
   2.77703852808948     
   2.59391661093317     
   1.00000000000000     
   1.25763739224815     
   1.00000000000000     
   1.00000000000000     
   1.00000000000000     
   1.00000000000000     
   1.00000000000000     
   1.00000000000000     
   1.00000000000000     
   1.00000000000000     
   1.00000000000000     
   1.00000000000000     
   1.00000000000000     
   1.00000000000000     
   1.00000000000000     
   1.00000000000000     
   1.00000000000000     
   3.00000000000000     
   3.00000000000000     
   3.00000000000000     
   3.00000000000000     
   2.79378093102678     
   1.00000000000000     
   1.00000000000000     
   1.00000000000000     
   1.00000000000000     
   1.00000000000000     
   1.00000000000000     
   1.00000000000000     
   1.00000000000000     
   1.00000000000000     
   1.00000000000000     
   1.00000000000000     
   1.00000000000000     
   1.00000000000000     
   1.00000000000000     
   1.00000000000000     
   1.00000000000000     
   3.00000000000000     
   2.96855577894677     
   2.96946557377304     
   3.00000000000000     
   1.70159553169047     
   1.36738435946270     
   1.78264878203121     
   1.00000000000000     
   1.00000000000000     
   1.00000000000000     
   1.00000000000000     
   1.00000000000000     
   1.00000000000000     
   1.00000000000000     
   1.00000000000000     
   1.00000000000000     
   1.00000000000000     
   1.00000000000000     
   1.00000000000000     
   1.00000000000000     
   1.00000000000000     
   3.00000000000000     
   3.00000000000000     
   2.90245639716248     
   3.00000000000000     
   3.00000000000000     
   1.67085144446661     
   1.00000000000000     
   1.00000000000000     
   1.00000000000000     
   1.00000000000000     
   1.00000000000000     
   1.00000000000000     
   1.00000000000000     
   1.00000000000000     
   1.00000000000000     
   1.01277706297456     
   1.00000000000000     
   1.00000000000000     
   1.00000000000000     
   1.00000000000000     
   1.00000000000000     
   2.89700827592363     
   3.00000000000000     
   3.00000000000000     
   3.00000000000000     
   3.00000000000000     
   1.00000000000000     
   1.00000000000000     
   1.00000000000000     
   1.00000000000000     
   1.00000000000000     
   1.00000000000000     
   1.00000000000000     
   1.00000000000000     
   1.00000000000000     
   1.00000000000000     
   1.00000000000000     
   1.00000000000000     
   1.00000000000000     
   1.00000000000000     
   1.00000000000000     
   1.00000000000000     
   1.00000000000000     
   3.00000000000000     
   3.00000000000000     
   3.00000000000000     
   3.00000000000000     
   1.00000000000000     
   1.10516318633276     
   1.00000000000000     
   1.00000000000000     
   1.00000000000000     
   1.00000000000000     
   1.00000000000000     
   1.00000000000000     
   1.00000000000000     
   1.00000000000000     
   1.00000000000000     
   1.00000000000000     
   1.00000000000000     
   1.05000026580494     
   1.00000000000000     
   1.00000000000000     
   1.00000000000000     
   1.00000000000000     
   3.00000000000000     
   3.00000000000000     
   2.95097313381052     
   1.00000000000000     
   1.00000000000000     
   1.00000000000000     
   2.10927849472733     
   1.00000000000000     
   1.00000000000000     
   1.00000000000000     
   1.00000000000000     
   1.00000000000000     
   1.00000000000000     
   1.00000000000000     
   1.00000000000000     
   1.00000000000000     
   1.00000000000000     
   1.00000000000000     
   1.00000000000000     
   1.00000000000000     
   1.00000000000000     
   1.00000000000000     
   3.00000000000000     
   3.00000000000000     
   3.00000000000000     
   3.00000000000000     
   3.00000000000000     
   3.00000000000000     
   3.00000000000000     
   1.00000000000000     
   1.00000000000000     
   1.00000000000000     
   1.00000000000000     
   1.00000000000000     
   1.00000000000000     
   1.00000000000000     
   1.00000000000000     
   1.07724698650803     
   1.00000000000000     
   1.00000000000000     
   1.00000000000000     
   1.00000000000000     
   1.00000000000000     
   1.00000000000000     
   1.00000000000000     
   3.00000000000000     
   3.00000000000000     
   3.00000000000000     
   3.00000000000000     
   3.00000000000000     
   1.07922474105196     
   1.13054903656246     
   1.00000000000000     
   1.00000000000000     
   1.00000000000000     
   1.00000000000000     
   1.00000000000000     
   1.00000000000000     
   1.00000000000000     
   1.00000000000000     
   1.00000000000000     
   1.00000000000000     
   1.00000000000000     
   1.00000000000000     
   1.00000000000000     
   1.00000000000000     
   1.00000000000000     
   3.00000000000000     
   3.00000000000000     
   3.00000000000000     
   1.00000000000000     
   1.00000000000000     
   1.00000000000000     
   1.07616304346264     
   1.00000000000000     
   1.00000000000000     
   1.00000000000000     
   1.00000000000000     
   1.00000000000000     
   1.00000000000000     
   1.00000000000000     
   1.00000000000000     
   1.00000000000000     
   1.00000000000000     
   1.00000000000000     
   1.00000000000000     
   1.00000000000000     
   1.00000000000000     
   1.00000000000000     
   1.00000000000000     
   3.00000000000000     
   3.00000000000000     
   2.76713891923828     
   3.00000000000000     
   3.00000000000000     
   3.00000000000000     
   2.73285358490970     
   1.00000000000000     
   1.00000000000000     
   1.00000000000000     
   1.00000000000000     
   1.00000000000000     
   1.00000000000000     
   1.00000000000000     
   1.00000000000000     
   1.00000000000000     
   1.00000000000000     
   1.00000000000000     
   1.00000000000000     
   1.00000000000000     
   1.10593778331753     
   1.00000000000000     
   1.00000000000000     
   1.00000000000000     
   3.00000000000000     
   3.00000000000000     
   3.00000000000000     
   3.00000000000000     
   3.00000000000000     
   3.00000000000000     
   1.00000000000000     
   1.00000000000000     
   1.00000000000000     
   1.00000000000000     
   1.00000000000000     
   1.00000000000000     
   1.00000000000000     
   1.00000000000000     
   1.00000000000000     
   1.00000000000000     
   1.00000000000000     
   1.00000000000000     
   1.00000000000000     
   1.00000000000000     
   1.00000000000000     
   1.00000000000000     
   1.00000000000000     
   1.00000000000000     
   3.00000000000000     
   3.00000000000000     
   3.00000000000000     
   3.00000000000000     
   2.77732615609150     
   1.51700335424596     
   1.00000000000000     
   1.00000000000000     
   1.00000000000000     
   1.00000000000000     
   1.00000000000000     
   1.18494636262771     
   1.18785314377903     
   1.00000000000000     
   1.00000000000000     
   1.00000000000000     
   1.00000000000000     
   1.00000000000000     
   1.00000000000000     
   1.00000000000000     
   1.00000000000000     
   1.00000000000000     
   1.00000000000000     
   1.00000000000000     
   1.00000000000000     
   3.00000000000000     
   3.00000000000000     
   2.67084524032680     
   1.00000000000000     
   1.00000000000000     
   1.00000000000000     
   1.98695713049861     
   3.00000000000000     
   3.00000000000000     
   3.00000000000000     
   3.00000000000000     
   3.00000000000000     
   1.00000000000000     
   1.00000000000000     
   1.11728761712690     
   1.00000000000000     
   1.00000000000000     
   1.00000000000000     
   1.00000000000000     
   1.00000000000000     
   1.00000000000000     
   1.00000000000000     
   1.00000000000000     
   1.00000000000000     
   1.00000000000000     
   1.19462586144326     
   3.00000000000000     
   3.00000000000000     
   1.00000000000000     
   2.98737571246907     
   3.00000000000000     
   3.00000000000000     
   3.00000000000000     
   3.00000000000000     
   1.00000000000000     
   1.00000000000000     
   1.00000000000000     
   1.00000000000000     
   1.00000000000000     
   1.14631891072857     
   1.00000000000000     
   1.00000000000000     
   1.00000000000000     
   1.00000000000000     
   1.00000000000000     
   1.00000000000000     
   1.00000000000000     
   1.00000000000000     
   1.00000000000000     
   1.00000000000000     
   1.00000000000000     
   1.00000000000000     
   2.48734157594944     
   3.00000000000000     
   2.97002741678792     
   2.84886171429983     
   3.00000000000000     
   1.00000000000000     
   3.00000000000000     
   3.00000000000000     
   3.00000000000000     
   2.04511413386089     
   3.00000000000000     
   1.65380714506138     
   1.00000000000000     
   1.00000000000000     
   1.00000000000000     
   1.00000000000000     
   1.00000000000000     
   1.00000000000000     
   1.00000000000000     
   1.00000000000000     
   1.00000000000000     
   1.00000000000000     
   1.00000000000000     
   1.00000000000000     
   1.00000000000000     
   1.00000000000000     
   1.00000000000000     
   3.00000000000000     
   3.00000000000000     
   3.00000000000000     
   3.00000000000000     
   3.00000000000000     
   3.00000000000000     
   3.00000000000000     
   3.00000000000000     
   2.89898459995180     
   2.33143133030948     
   1.00000000000000     
   1.16309937354686     
   1.00000000000000     
   1.00000000000000     
   1.00000000000000     
   1.00000000000000     
   1.00000000000000     
   1.00000000000000     
   1.00000000000000     
   1.00000000000000     
   1.00000000000000     
   1.00000000000000     
   1.00000000000000     
   1.00000000000000     
   1.00000000000000     
   1.00000000000000     
   1.00000000000000     
   1.00000000000000     
   3.00000000000000     
   3.00000000000000     
   3.00000000000000     
   3.00000000000000     
   3.00000000000000     
   3.00000000000000     
   3.00000000000000     
   3.00000000000000     
   3.00000000000000     
   3.00000000000000     
   3.00000000000000     
   1.00000000000000     
   1.00000000000000     
   1.00000000000000     
   1.00000000000000     
   1.00000000000000     
   1.00000000000000     
   1.00000000000000     
   1.11138574161371     
   1.00000000000000     
   1.00000000000000     
   1.00000000000000     
   1.00000000000000     
   1.00000000000000     
   1.00000000000000     
   1.00000000000000     
   1.00000000000000     
   1.00000000000000     
   1.00000000000000     
   1.00000000000000     
   3.00000000000000     
   3.00000000000000     
   3.00000000000000     
   3.00000000000000     
   2.68236856049947     
   3.00000000000000     
   3.00000000000000     
   3.00000000000000     
   2.78832877209962     
   3.00000000000000     
   3.00000000000000     
   2.97734164412257     
   1.00000000000000     
   1.00000000000000     
   1.00000000000000     
   1.00000000000000     
   1.00000000000000     
   1.00000000000000     
   1.00000000000000     
   1.00000000000000     
   1.00000000000000     
   1.00000000000000     
   1.00000000000000     
   1.00000000000000     
   1.00000000000000     
   1.00000000000000     
   1.00000000000000     
   1.00000000000000     
   1.00000000000000     
   1.00000000000000     
   1.00000000000000     
   1.00000000000000     
   3.00000000000000     
   2.71887433893201     
   1.13303125775640     
   3.00000000000000     
   2.80496859922791     
   2.92505075870698     
   3.00000000000000     
   3.00000000000000     
   3.00000000000000     
   3.00000000000000     
   3.00000000000000     
   2.99540734216336     
   2.14886019347314     
   1.00000000000000     
   1.00000000000000     
   1.00000000000000     
   1.00000000000000     
   1.00000000000000     
   1.00000000000000     
   1.00000000000000     
   1.00000000000000     
   1.00000000000000     
   1.00000000000000     
   1.00000000000000     
   1.00000000000000     
   1.00000000000000     
   1.00000000000000     
   1.00000000000000     
   1.00000000000000     
   1.00000000000000     
   1.00000000000000     
   1.00000000000000     
   1.00000000000000     
   1.00000000000000     
   1.00000000000000     
   2.38654654156630     
   1.19168622445009     
   1.48774492260725     
   1.00000000000000     
   2.60483277578123     
   1.00000000000000     
   3.00000000000000     
   3.00000000000000     
   1.00000000000000     
   1.00000000000000     
   3.00000000000000     
   2.89531840792649     
   2.97441424904399     
   1.04132731010746     
   1.00000000000000     
   1.00000000000000     
   1.00000000000000     
   1.00000000000000     
   1.00000000000000     
   1.00000000000000     
   1.00000000000000     
   1.00000000000000     
   1.00000000000000     
   1.00000000000000     
   1.00000000000000     
   1.00000000000000     
   1.00000000000000     
   1.00000000000000     
   1.00000000000000     
   1.00000000000000     
   1.00000000000000     
   1.00000000000000     
   1.00000000000000     
   1.00000000000000     
   1.00000000000000     
   1.00000000000000     
   1.00000000000000     
   1.00000000000000     
   1.00000000000000     
   1.00000000000000     
   1.00000000000000     
   1.26772986491493     
   1.80953346731371     
   1.97235364237065     
   1.27001259310260     
   2.32273015294323     
   1.00000000000000     
   1.40548700092858     
   3.00000000000000     
   2.38242321853342     
   3.00000000000000     
   1.03745075390122     
   1.00000000000000     
   1.37978949348123     
   1.81249367351086     
   1.42245763983571     
   1.00000000000000     
   1.00000000000000     
   1.00000000000000     
   1.00000000000000     
   1.00000000000000     
   1.00000000000000     
   1.00000000000000     
   1.00000000000000     
   1.00000000000000     
   1.00000000000000     
   1.00000000000000     
   1.00000000000000     
   1.00000000000000     
   1.00000000000000     
   1.00000000000000     
   1.00000000000000     
   1.00000000000000     
   1.00000000000000     
   1.00000000000000     
   1.00000000000000     
   1.00000000000000     
   1.00000000000000     
   1.00000000000000     
   1.00000000000000     
   1.03134679123284     
   1.00000000000000     
   1.00000000000000     
   1.03643528602597     
   1.00000000000000     
   1.00000000000000     
   1.00000000000000     
   1.02884383759467     
   1.00000000000000     
   1.00000000000000     
   1.00000000000000     
   1.00000000000000     
   1.00000000000000     
   1.00000000000000     
   1.00000000000000     
   1.00000000000000     
   1.00000000000000     
   1.00000000000000     
   1.00000000000000     
   1.00000000000000     
   1.00000000000000     
   1.00000000000000     
   1.00000000000000     
   1.11882895805569     
   1.00000000000000     
   1.00000000000000     
   1.00000000000000     
   1.00000000000000     
   1.00000000000000     
   1.00000000000000     
   1.00000000000000     
   1.00000000000000     
   1.00000000000000     
   1.00000000000000     
   1.00000000000000     
   1.00000000000000     
   1.00000000000000     
   1.00000000000000     
   1.00000000000000     
   1.00000000000000     
   1.00000000000000     
   1.00000000000000     
   1.00000000000000     
   1.00000000000000     
   1.06456138185566     
   1.00000000000000     
   1.00000000000000     
   1.00000000000000     
   1.00000000000000     
   1.00000000000000     
   1.00000000000000     
   1.00000000000000     
   1.00000000000000     
   1.00000000000000     
   1.00000000000000     
   1.00000000000000     
   1.00000000000000     
   1.00000000000000     
   1.00000000000000     
   1.04562392149072     
   1.00000000000000     
   1.00000000000000     
   1.00000000000000     
   1.00000000000000     
   1.00000000000000     
   1.00000000000000     
   1.00000000000000     
   1.00000000000000     
   1.00000000000000     
   1.00000000000000     
   1.00000000000000     
   1.00000000000000     
   1.00000000000000     
   1.00000000000000     
   1.00000000000000     
   1.00000000000000     
   1.00000000000000     
   1.00000000000000     
   1.00000000000000     
   1.00000000000000     
   1.00000000000000     
   1.00000000000000     
   1.00000000000000     
   1.00000000000000     
   1.00000000000000     
   1.00000000000000     
   1.00000000000000     
   1.00000000000000     
   1.00000000000000     
   1.00000000000000     
   1.00000000000000     
   1.00000000000000     
   1.00000000000000     
   1.00000000000000     
   1.00000000000000     
   1.00000000000000     
   1.00000000000000     
   1.00000000000000     
   1.00000000000000     
   1.00000000000000     
   1.00000000000000     
   1.00000000000000     
   1.00000000000000     
   1.00000000000000     
   1.00000000000000     
   1.00000000000000     
   1.00000000000000     
   1.00000000000000     
   1.00000000000000     
   1.00000000000000     
   1.00000000000000     
   1.00000000000000     
   1.00000000000000     
   1.00000000000000     
   1.00000000000000     
   1.00000000000000     
   1.00000000000000     
   1.00000000000000     
   1.00000000000000     
   1.00000000000000     
   1.00000000000000     
   1.00000000000000     
   1.00000000000000     
   1.00000000000000     
   1.00000000000000     
   1.00000000000000     
   1.00000000000000     
   1.00000000000000     
   1.00000000000000     
   1.00000000000000     
   1.00000000000000     
   1.00000000000000     
   1.00000000000000     
   1.00000000000000     
   1.00000000000000     
   1.00000000000000     
   1.05049000437973     
   1.00000000000000     
   1.00000000000000     
   1.00000000000000     
   1.00000000000000     
   1.00000000000000     
   1.00000000000000     
   1.00000000000000     
   1.00000000000000     
   1.00000000000000     
   1.00000000000000     
   1.00000000000000     
   1.00000000000000     
   1.00000000000000     
   1.00000000000000     
   1.00000000000000     
   1.00000000000000     
   1.00000000000000     
   1.00000000000000     
   1.00000000000000     
   1.00000000000000     
   1.00000000000000     
   1.00000000000000     
   1.00000000000000     
   1.00000000000000     
   1.00000000000000     
   1.00000000000000     
   1.00000000000000     
   1.00000000000000     
   1.00000000000000     
   1.00000000000000     
   1.00000000000000     
   1.00000000000000     
   1.00000000000000     
   1.00000000000000     
   1.00000000000000     
   1.00000000000000     
   1.00000000000000     
   1.00000000000000     
   1.00000000000000     
   1.00000000000000     
   1.00000000000000     
   1.00000000000000     
   1.00000000000000     
   1.00000000000000     
   1.00000000000000     
   1.00000000000000     
   1.00000000000000     
   1.00000000000000     
   1.00000000000000     
   1.00000000000000     
   1.00000000000000     
   1.00000000000000     
   1.00000000000000     
   1.00000000000000     
   1.01864310083136     
   1.00000000000000     
   1.00000000000000     
   1.00000000000000     
   1.00000000000000     
   1.00000000000000     
   1.00000000000000     
   1.00000000000000     
   1.00000000000000     
   1.00000000000000     
   1.00000000000000     
   1.00000000000000     
   1.00000000000000     
   1.00000000000000     
   1.00000000000000     
   1.00000000000000     
   1.00000000000000     
   1.00000000000000     
   1.00000000000000     
   1.00000000000000     
   1.00000000000000     
   1.00000000000000     
   1.00000000000000     
   1.00000000000000     
   1.00000000000000     
   1.00000000000000     
   1.00000000000000     
   1.00000000000000     
   1.00000000000000     
   1.00000000000000     
   1.00000000000000     
   1.00000000000000     
   1.00000000000000     
   1.00000000000000     
   1.00000000000000     
   1.00000000000000     
   1.00000000000000     
   1.00000000000000     
   1.00000000000000     
   1.00000000000000     
   1.00000000000000     
   1.00000000000000     
   1.00000000000000     
   1.00000000000000     
   1.00000000000000     
   1.00000000000000     
   1.00000000000000     
   1.00000000000000     
   1.00000000000000     
   1.00000000000000     
   1.00000000000000     
   1.00000000000000     
   1.00000000000000     
   1.00000000000000     
   1.00000000000000     
   1.00000000000000     
   1.00000000000000     
   1.00000000000000     
   1.00000000000000     
   1.00000000000000     
   1.00000000000000     
   1.00000000000000     
   1.00000000000000     
   1.00000000000000     
   1.00000000000000     
   1.00000000000000     
   1.00000000000000     
   1.00000000000000     
   1.00000000000000     
   1.00000000000000     
   1.00000000000000     
   1.00000000000000     
   1.00000000000000     
   1.00000000000000     
   1.00000000000000     
   1.00000000000000     
   1.00000000000000     
   1.00000000000000     
   1.00000000000000     
   1.00000000000000     
   1.00000000000000     
   1.00000000000000     
   1.00000000000000     
   1.00000000000000     
   1.00000000000000     
   1.00000000000000     
   1.00000000000000     
   1.00000000000000     
   1.00000000000000     
   1.00000000000000     
   1.00000000000000     
   1.00000000000000     
   1.00000000000000     
   1.00000000000000     
   1.00000000000000     
   1.00000000000000     
   1.00000000000000     
   1.00000000000000     
   1.00000000000000     
   1.00000000000000     
   1.00000000000000     
   1.00000000000000     
   1.00000000000000     
   1.00000000000000     
   1.00000000000000     
   1.00000000000000     
   1.00000000000000     
   1.00000000000000     
   1.00000000000000     
   1.00000000000000     
   1.00000000000000     
   1.00000000000000     
   1.00000000000000     
   1.00000000000000     
   1.00000000000000     
   1.00000000000000     
   1.00000000000000     
   1.00000000000000     
   1.00000000000000     
   1.00000000000000     
   1.00000000000000     
   1.00000000000000     
   1.00000000000000     
   1.00000000000000     
   1.00000000000000     
   1.00000000000000     
   1.00000000000000     
   1.00000000000000     
   1.00000000000000     
   1.00000000000000     
   1.00000000000000     
   1.00000000000000     
   1.00000000000000     
   1.00000000000000     
   1.00000000000000     
   1.00000000000000     
   1.00000000000000     
   1.00000000000000     
   1.00000000000000     
   1.00000000000000     
   1.00000000000000     
   1.00000000000000     
   1.00000000000000     
   1.00000000000000     
   1.00000000000000     
   1.00000000000000     
   1.00000000000000     
   1.00000000000000     
   1.00000000000000     
   1.00000000000000     
   1.00000000000000     
   1.00000000000000     
   1.00000000000000     
   1.00000000000000     
   1.00000000000000     
   1.00000000000000     
   1.00000000000000     
   1.00000000000000     
   1.00000000000000     
   1.00000000000000     
   1.00000000000000     
   1.00000000000000     
   1.00000000000000     
   1.00000000000000     
   1.00000000000000     
   1.00000000000000     
   1.00000000000000     
   1.00000000000000     
   1.00000000000000     
   1.00000000000000     
   1.00000000000000     
   1.00000000000000     
   1.00000000000000     
   1.00000000000000     
   1.00000000000000     
   1.00000000000000     
   1.00000000000000     
   1.00000000000000     
   1.00000000000000     
   1.00000000000000     
   1.00000000000000     
   1.00000000000000     
   1.00000000000000     
   1.00000000000000     
   1.00000000000000     
   1.00000000000000     
   1.00000000000000     
   1.00000000000000     
   1.00000000000000     
   1.00000000000000     
   1.00000000000000     
   1.00000000000000     
   1.00000000000000     
   1.00000000000000     
   1.00000000000000     
   1.00000000000000     
   1.00000000000000     
   1.00000000000000     
   1.00000000000000     
   1.00000000000000     
   1.00000000000000     
   1.00000000000000     
   1.00000000000000     
   1.00000000000000     
   1.06907268186799     
   1.00000000000000     
   1.00000000000000     
   1.00000000000000     
   1.00000000000000     
   1.00000000000000     
   1.00000000000000     
   1.00000000000000     
   1.00000000000000     
   1.00000000000000     
   1.00000000000000     
   1.00000000000000     
   1.00000000000000     
   1.00000000000000     
   1.00000000000000     
   1.00000000000000     
   1.00000000000000     
   1.00000000000000     
   1.00000000000000     
   1.00000000000000     
   1.00000000000000     
   1.00000000000000     
   1.00000000000000     
   1.00000000000000     
   1.00000000000000     
   1.00000000000000     
   1.00000000000000     
   1.00000000000000     
   1.00000000000000     
   1.00000000000000     
   1.00000000000000     
   1.00000000000000     
   1.00000000000000     
   1.00000000000000     
   1.00000000000000     
   1.00000000000000     
   1.00000000000000     
   1.00000000000000     
   1.00000000000000     
   1.00000000000000     
   1.00000000000000     
   1.00000000000000     
   1.00000000000000     
   1.00000000000000     
   1.00000000000000     
   1.06060475003791     
   1.00000000000000     
   1.00000000000000     
   1.10136621357417     
   1.00000000000000     
   1.00000000000000     
   1.00000000000000     
   1.00000000000000     
   1.00000000000000     
   1.00000000000000     
   1.00000000000000     
   1.00000000000000     
   1.00000000000000     
   1.00000000000000     
   1.00000000000000     
   1.00000000000000     
   1.00000000000000     
   1.00000000000000     
   1.00000000000000     
   1.00000000000000     
   1.00000000000000     
   1.00000000000000     
   1.00000000000000     
   1.00000000000000     
   1.00000000000000     
   1.00000000000000     
   1.00000000000000     
   1.00000000000000     
   1.00000000000000     
   1.00000000000000     
   1.00000000000000     
   1.00000000000000     
   1.00000000000000     
   1.00000000000000     
   1.00000000000000     
   1.00000000000000     
   1.00000000000000     
   1.00000000000000     
   1.00000000000000     
   1.00000000000000     
