 best result is in generation         470 sampling=          63
 best value of Objective function is  1.283723354415538E-002
 best design variables
   2.50000000000000     
   2.50000000000000     
   2.50000000000000     
   2.50000000000000     
   2.50000000000000     
   2.50000000000000     
   2.50000000000000     
   2.50000000000000     
   2.50000000000000     
   2.50000000000000     
   1.85811186235414     
   2.34793177619194     
  0.955415671633026     
  0.000000000000000E+000
  0.000000000000000E+000
  0.000000000000000E+000
  0.000000000000000E+000
  0.000000000000000E+000
  0.000000000000000E+000
  0.000000000000000E+000
   2.50000000000000     
   2.50000000000000     
   2.50000000000000     
   2.50000000000000     
   2.50000000000000     
   2.50000000000000     
   2.50000000000000     
   2.50000000000000     
   2.50000000000000     
   2.50000000000000     
  0.696042196526397     
   2.50000000000000     
  0.184700671211859     
  0.000000000000000E+000
  0.000000000000000E+000
  7.416227071758259E-002
  0.000000000000000E+000
  0.000000000000000E+000
  0.000000000000000E+000
  0.000000000000000E+000
   2.50000000000000     
   2.50000000000000     
   2.50000000000000     
   2.50000000000000     
   2.50000000000000     
   2.50000000000000     
   2.50000000000000     
   2.49275935579126     
   2.50000000000000     
   2.50000000000000     
   2.50000000000000     
   2.50000000000000     
   2.50000000000000     
  0.000000000000000E+000
  6.238370437436853E-002
  0.000000000000000E+000
  0.000000000000000E+000
  0.000000000000000E+000
  0.000000000000000E+000
  0.000000000000000E+000
   2.50000000000000     
   2.50000000000000     
   2.50000000000000     
   2.50000000000000     
   2.50000000000000     
   2.50000000000000     
   2.21720152404511     
   2.50000000000000     
   2.50000000000000     
   2.50000000000000     
   2.50000000000000     
   1.39772920869023     
  0.000000000000000E+000
  0.000000000000000E+000
  0.000000000000000E+000
  0.000000000000000E+000
  0.000000000000000E+000
  0.000000000000000E+000
  0.000000000000000E+000
  0.000000000000000E+000
   2.50000000000000     
   2.50000000000000     
   2.50000000000000     
   2.50000000000000     
   2.50000000000000     
   2.50000000000000     
   2.50000000000000     
   2.50000000000000     
   2.50000000000000     
   2.50000000000000     
   2.50000000000000     
  0.000000000000000E+000
  0.135858329475073     
  0.000000000000000E+000
  0.000000000000000E+000
  0.000000000000000E+000
  0.000000000000000E+000
  0.000000000000000E+000
  0.000000000000000E+000
  0.000000000000000E+000
   2.50000000000000     
   2.50000000000000     
   2.50000000000000     
   2.50000000000000     
   2.50000000000000     
   2.50000000000000     
   2.50000000000000     
   2.47135471278821     
   2.50000000000000     
   2.50000000000000     
   2.50000000000000     
  0.000000000000000E+000
  0.000000000000000E+000
  0.000000000000000E+000
  0.000000000000000E+000
  0.000000000000000E+000
  0.000000000000000E+000
  0.000000000000000E+000
  0.000000000000000E+000
  0.000000000000000E+000
  0.000000000000000E+000
   2.50000000000000     
   2.50000000000000     
   2.50000000000000     
   2.50000000000000     
   2.50000000000000     
   2.50000000000000     
   2.50000000000000     
   2.50000000000000     
   2.50000000000000     
   2.50000000000000     
   2.50000000000000     
   2.37049359067800     
   2.50000000000000     
  0.000000000000000E+000
  0.000000000000000E+000
  0.000000000000000E+000
  0.188781847174184     
  0.000000000000000E+000
  0.000000000000000E+000
  0.000000000000000E+000
  0.000000000000000E+000
   2.50000000000000     
   2.50000000000000     
   2.50000000000000     
   2.50000000000000     
   2.50000000000000     
   2.50000000000000     
   2.50000000000000     
   2.50000000000000     
   2.50000000000000     
   2.50000000000000     
   2.50000000000000     
   2.37453422596202     
  0.000000000000000E+000
  0.000000000000000E+000
  0.000000000000000E+000
   1.96964198966916     
  0.000000000000000E+000
  0.000000000000000E+000
  0.000000000000000E+000
  0.000000000000000E+000
   2.50000000000000     
   2.50000000000000     
   2.50000000000000     
   2.50000000000000     
   2.27769417073865     
   2.50000000000000     
   2.50000000000000     
   2.50000000000000     
   2.50000000000000     
   2.50000000000000     
   2.50000000000000     
  0.000000000000000E+000
  0.000000000000000E+000
  0.000000000000000E+000
  0.449611929158537     
  0.000000000000000E+000
  0.000000000000000E+000
  0.156737544922432     
  0.000000000000000E+000
  0.000000000000000E+000
   2.50000000000000     
   2.50000000000000     
   2.50000000000000     
   2.50000000000000     
   2.50000000000000     
   2.50000000000000     
   2.50000000000000     
   2.50000000000000     
   2.50000000000000     
   2.50000000000000     
   2.50000000000000     
   2.50000000000000     
  0.000000000000000E+000
   2.48274647036820     
  0.761091006196611     
  0.000000000000000E+000
  0.000000000000000E+000
  0.000000000000000E+000
  0.000000000000000E+000
  0.000000000000000E+000
  0.000000000000000E+000
   2.50000000000000     
   2.50000000000000     
   2.50000000000000     
   2.50000000000000     
   2.50000000000000     
   2.50000000000000     
   2.50000000000000     
   2.50000000000000     
   2.50000000000000     
   2.50000000000000     
   2.50000000000000     
   2.41586215614601     
   2.50000000000000     
  0.524159080840918     
  3.327071365391568E-002
  0.000000000000000E+000
  0.000000000000000E+000
  0.000000000000000E+000
  0.000000000000000E+000
  0.000000000000000E+000
  0.000000000000000E+000
   2.50000000000000     
   2.50000000000000     
   2.50000000000000     
   2.50000000000000     
   2.50000000000000     
   2.50000000000000     
   2.50000000000000     
   2.50000000000000     
   2.50000000000000     
   2.50000000000000     
   2.50000000000000     
  0.000000000000000E+000
  0.000000000000000E+000
  0.000000000000000E+000
  0.000000000000000E+000
  0.000000000000000E+000
  0.000000000000000E+000
  0.000000000000000E+000
  0.000000000000000E+000
  0.000000000000000E+000
  0.000000000000000E+000
   2.50000000000000     
   2.50000000000000     
   2.50000000000000     
   2.50000000000000     
   2.50000000000000     
   2.50000000000000     
   2.50000000000000     
   2.50000000000000     
   2.50000000000000     
   2.50000000000000     
   2.50000000000000     
   2.50000000000000     
   1.48814435244212     
   2.39556438836711     
   2.50000000000000     
  0.000000000000000E+000
  0.000000000000000E+000
  1.992056069936744E-002
  0.000000000000000E+000
  0.000000000000000E+000
  0.000000000000000E+000
   2.50000000000000     
   2.50000000000000     
   2.50000000000000     
   2.50000000000000     
   2.50000000000000     
   2.50000000000000     
   2.38781830491723     
   2.50000000000000     
   2.50000000000000     
   2.50000000000000     
   2.50000000000000     
   2.50000000000000     
   2.43628155713189     
   2.09831572833837     
  0.000000000000000E+000
  0.000000000000000E+000
  0.000000000000000E+000
  0.000000000000000E+000
  0.000000000000000E+000
  0.000000000000000E+000
  0.000000000000000E+000
   2.50000000000000     
   2.50000000000000     
   2.50000000000000     
   2.50000000000000     
   2.45315228590826     
   2.50000000000000     
   2.50000000000000     
   2.50000000000000     
   2.50000000000000     
   2.50000000000000     
   2.50000000000000     
   2.49131179661342     
   2.50000000000000     
   2.50000000000000     
  0.000000000000000E+000
  0.000000000000000E+000
  0.000000000000000E+000
  0.000000000000000E+000
  6.148103668838646E-003
  0.000000000000000E+000
  0.000000000000000E+000
  0.000000000000000E+000
   2.50000000000000     
   2.50000000000000     
   2.50000000000000     
   2.50000000000000     
   2.50000000000000     
   2.50000000000000     
   2.50000000000000     
   2.50000000000000     
   2.50000000000000     
   2.50000000000000     
   2.50000000000000     
   2.50000000000000     
   2.50000000000000     
  0.000000000000000E+000
  0.000000000000000E+000
  0.000000000000000E+000
  0.000000000000000E+000
  0.000000000000000E+000
  0.000000000000000E+000
  0.000000000000000E+000
  0.000000000000000E+000
  0.000000000000000E+000
   2.50000000000000     
   2.50000000000000     
   2.50000000000000     
   2.50000000000000     
   2.50000000000000     
   2.50000000000000     
   2.50000000000000     
   2.50000000000000     
   2.50000000000000     
   2.50000000000000     
   2.50000000000000     
   2.50000000000000     
   2.50000000000000     
  0.397165356433188     
  0.000000000000000E+000
  0.000000000000000E+000
  0.000000000000000E+000
  0.000000000000000E+000
  0.000000000000000E+000
  0.000000000000000E+000
  0.000000000000000E+000
  0.136129455856947     
   2.50000000000000     
   2.50000000000000     
   2.50000000000000     
   2.50000000000000     
   2.50000000000000     
   2.50000000000000     
   2.50000000000000     
   2.50000000000000     
   2.50000000000000     
   2.50000000000000     
   2.39044013613150     
   2.50000000000000     
   2.50000000000000     
   2.50000000000000     
  0.000000000000000E+000
  0.000000000000000E+000
  0.000000000000000E+000
  0.000000000000000E+000
  0.000000000000000E+000
  0.000000000000000E+000
  0.000000000000000E+000
  0.000000000000000E+000
  0.000000000000000E+000
   2.50000000000000     
   2.27055926207091     
   2.50000000000000     
   2.50000000000000     
   2.50000000000000     
   2.50000000000000     
   2.50000000000000     
   2.50000000000000     
   2.50000000000000     
   2.50000000000000     
   2.50000000000000     
   2.50000000000000     
   2.50000000000000     
  0.000000000000000E+000
  0.000000000000000E+000
  0.000000000000000E+000
  0.000000000000000E+000
  0.000000000000000E+000
  0.000000000000000E+000
  0.000000000000000E+000
  0.000000000000000E+000
  0.000000000000000E+000
   2.50000000000000     
   2.50000000000000     
   2.50000000000000     
   2.50000000000000     
   2.50000000000000     
   2.50000000000000     
   2.50000000000000     
   2.50000000000000     
   2.50000000000000     
   2.50000000000000     
   2.50000000000000     
   2.50000000000000     
   2.50000000000000     
  0.000000000000000E+000
  0.000000000000000E+000
  0.000000000000000E+000
  0.000000000000000E+000
  5.793634476668347E-002
  0.000000000000000E+000
  0.000000000000000E+000
  0.000000000000000E+000
  0.000000000000000E+000
  0.000000000000000E+000
   2.50000000000000     
   2.50000000000000     
   2.50000000000000     
   2.50000000000000     
   2.50000000000000     
   2.50000000000000     
   2.50000000000000     
   2.50000000000000     
   2.50000000000000     
   2.50000000000000     
   2.50000000000000     
   2.50000000000000     
   2.50000000000000     
  3.448378274669460E-002
  0.000000000000000E+000
  0.000000000000000E+000
  0.000000000000000E+000
  0.000000000000000E+000
  0.000000000000000E+000
  0.000000000000000E+000
  0.000000000000000E+000
  0.000000000000000E+000
  0.000000000000000E+000
  0.000000000000000E+000
   2.50000000000000     
   2.50000000000000     
   2.50000000000000     
   2.50000000000000     
   2.50000000000000     
   2.50000000000000     
   2.50000000000000     
   2.50000000000000     
   2.50000000000000     
   2.50000000000000     
   2.05837143734482     
   2.50000000000000     
   2.50000000000000     
  0.122009094565824     
  0.000000000000000E+000
  0.000000000000000E+000
  0.000000000000000E+000
  0.000000000000000E+000
  0.000000000000000E+000
  0.000000000000000E+000
  0.000000000000000E+000
  0.000000000000000E+000
  0.000000000000000E+000
   1.76453466107122     
   2.50000000000000     
   2.50000000000000     
   2.50000000000000     
   2.50000000000000     
   2.50000000000000     
   2.50000000000000     
   2.50000000000000     
   2.50000000000000     
   2.50000000000000     
   2.50000000000000     
   2.50000000000000     
   2.50000000000000     
   2.37740555320797     
  0.000000000000000E+000
  0.000000000000000E+000
   1.67724999969303     
  0.000000000000000E+000
  0.000000000000000E+000
  0.000000000000000E+000
  0.000000000000000E+000
  0.000000000000000E+000
  0.000000000000000E+000
  0.000000000000000E+000
  0.000000000000000E+000
  4.417166153551522E-002
   2.50000000000000     
   2.50000000000000     
   2.50000000000000     
   2.50000000000000     
   2.50000000000000     
   2.50000000000000     
   2.50000000000000     
   2.50000000000000     
   2.50000000000000     
   2.50000000000000     
   2.50000000000000     
   2.50000000000000     
   2.50000000000000     
   2.50000000000000     
   2.50000000000000     
   2.50000000000000     
  0.000000000000000E+000
  0.000000000000000E+000
  0.000000000000000E+000
  0.000000000000000E+000
  0.000000000000000E+000
  0.000000000000000E+000
  0.000000000000000E+000
  0.000000000000000E+000
  0.000000000000000E+000
   2.50000000000000     
   2.50000000000000     
   2.50000000000000     
   2.50000000000000     
   2.50000000000000     
   2.50000000000000     
   2.50000000000000     
   2.50000000000000     
   2.50000000000000     
   2.50000000000000     
   2.50000000000000     
   2.29401511935418     
   2.50000000000000     
   2.50000000000000     
   2.50000000000000     
   2.50000000000000     
  0.000000000000000E+000
  0.000000000000000E+000
  0.000000000000000E+000
  0.000000000000000E+000
  0.000000000000000E+000
  0.000000000000000E+000
  0.000000000000000E+000
  0.000000000000000E+000
  0.000000000000000E+000
  0.000000000000000E+000
  0.000000000000000E+000
   2.50000000000000     
   2.50000000000000     
   2.50000000000000     
   2.50000000000000     
   2.50000000000000     
   2.50000000000000     
   2.50000000000000     
   2.50000000000000     
   2.50000000000000     
   2.50000000000000     
   2.50000000000000     
   2.50000000000000     
   2.50000000000000     
   2.50000000000000     
   2.50000000000000     
   2.50000000000000     
  0.000000000000000E+000
  0.000000000000000E+000
  0.000000000000000E+000
  0.000000000000000E+000
  0.000000000000000E+000
  0.000000000000000E+000
  0.000000000000000E+000
  0.000000000000000E+000
  0.000000000000000E+000
  0.000000000000000E+000
  0.000000000000000E+000
   2.50000000000000     
   2.50000000000000     
   2.50000000000000     
   2.50000000000000     
   2.50000000000000     
   2.50000000000000     
   2.50000000000000     
   2.50000000000000     
   2.50000000000000     
   2.50000000000000     
   2.50000000000000     
   2.50000000000000     
   2.50000000000000     
   2.50000000000000     
   2.50000000000000     
   2.26958984848375     
   2.50000000000000     
  0.000000000000000E+000
  0.000000000000000E+000
  0.000000000000000E+000
  0.000000000000000E+000
  0.000000000000000E+000
  0.000000000000000E+000
  0.000000000000000E+000
  0.000000000000000E+000
  0.000000000000000E+000
  0.000000000000000E+000
  0.000000000000000E+000
   2.50000000000000     
   2.50000000000000     
   2.50000000000000     
   2.50000000000000     
   2.50000000000000     
   2.50000000000000     
   2.50000000000000     
   2.50000000000000     
   2.50000000000000     
   2.50000000000000     
   2.50000000000000     
   2.50000000000000     
   2.50000000000000     
   2.50000000000000     
   2.50000000000000     
   2.50000000000000     
   2.50000000000000     
   2.50000000000000     
  0.000000000000000E+000
  0.000000000000000E+000
  0.000000000000000E+000
  0.000000000000000E+000
  0.000000000000000E+000
  0.000000000000000E+000
  0.000000000000000E+000
  0.000000000000000E+000
  0.000000000000000E+000
  0.000000000000000E+000
  0.000000000000000E+000
  0.000000000000000E+000
   2.50000000000000     
   2.50000000000000     
   2.50000000000000     
   2.50000000000000     
   2.50000000000000     
   2.50000000000000     
   2.50000000000000     
   2.50000000000000     
   2.50000000000000     
   2.50000000000000     
   2.50000000000000     
   2.50000000000000     
   2.50000000000000     
   2.50000000000000     
   2.50000000000000     
   2.50000000000000     
   2.50000000000000     
   2.50000000000000     
   2.50000000000000     
   2.50000000000000     
   2.50000000000000     
  0.000000000000000E+000
  0.000000000000000E+000
  0.000000000000000E+000
  0.000000000000000E+000
  0.000000000000000E+000
  0.000000000000000E+000
  0.000000000000000E+000
  0.000000000000000E+000
  0.000000000000000E+000
  0.000000000000000E+000
  0.000000000000000E+000
   2.50000000000000     
   2.50000000000000     
   2.50000000000000     
   2.50000000000000     
   2.50000000000000     
   2.50000000000000     
   2.50000000000000     
   2.50000000000000     
   2.50000000000000     
   2.50000000000000     
   2.50000000000000     
   2.45636974719221     
   2.50000000000000     
   2.50000000000000     
   2.50000000000000     
   2.50000000000000     
   2.50000000000000     
   2.50000000000000     
   2.50000000000000     
   2.50000000000000     
   2.50000000000000     
   2.50000000000000     
   2.50000000000000     
   2.50000000000000     
  0.000000000000000E+000
  0.000000000000000E+000
  0.000000000000000E+000
  0.000000000000000E+000
  0.000000000000000E+000
  0.000000000000000E+000
  0.000000000000000E+000
  0.000000000000000E+000
  0.000000000000000E+000
  0.000000000000000E+000
  0.000000000000000E+000
  0.000000000000000E+000
   2.50000000000000     
   2.50000000000000     
   2.50000000000000     
   2.50000000000000     
   2.50000000000000     
   2.50000000000000     
   2.50000000000000     
   2.50000000000000     
   2.50000000000000     
   2.50000000000000     
   2.50000000000000     
   2.50000000000000     
   2.50000000000000     
   2.50000000000000     
   2.50000000000000     
   2.50000000000000     
   2.50000000000000     
   2.50000000000000     
   2.50000000000000     
   2.50000000000000     
   2.50000000000000     
   2.50000000000000     
   2.50000000000000     
   2.50000000000000     
   2.50000000000000     
   2.50000000000000     
  0.000000000000000E+000
  0.000000000000000E+000
  0.000000000000000E+000
  0.000000000000000E+000
  0.000000000000000E+000
  0.000000000000000E+000
  0.000000000000000E+000
  0.000000000000000E+000
  0.000000000000000E+000
  0.000000000000000E+000
  0.000000000000000E+000
  0.000000000000000E+000
  0.000000000000000E+000
   2.48564037840240     
   2.50000000000000     
  0.915367951985249     
   2.50000000000000     
   2.50000000000000     
   2.50000000000000     
   2.50000000000000     
   2.50000000000000     
   2.50000000000000     
   2.50000000000000     
   2.50000000000000     
   2.50000000000000     
   2.50000000000000     
   2.50000000000000     
   2.50000000000000     
   2.50000000000000     
   2.50000000000000     
   2.50000000000000     
   2.50000000000000     
   2.50000000000000     
   2.50000000000000     
   2.50000000000000     
   2.50000000000000     
   2.50000000000000     
   2.50000000000000     
   2.50000000000000     
  0.000000000000000E+000
  0.000000000000000E+000
  0.000000000000000E+000
  0.000000000000000E+000
  0.000000000000000E+000
  0.000000000000000E+000
  0.000000000000000E+000
  0.000000000000000E+000
  0.000000000000000E+000
  0.000000000000000E+000
  0.000000000000000E+000
  0.000000000000000E+000
  0.000000000000000E+000
  0.000000000000000E+000
  0.000000000000000E+000
   2.45481193640252     
   2.50000000000000     
   2.50000000000000     
   2.50000000000000     
   2.50000000000000     
   2.50000000000000     
   2.50000000000000     
   2.50000000000000     
   2.50000000000000     
   2.50000000000000     
   2.50000000000000     
   2.50000000000000     
   2.50000000000000     
   2.50000000000000     
   2.50000000000000     
   2.50000000000000     
   2.50000000000000     
   2.48688811291144     
   2.50000000000000     
   2.50000000000000     
   2.50000000000000     
   2.50000000000000     
  0.000000000000000E+000
  0.000000000000000E+000
  0.000000000000000E+000
  0.000000000000000E+000
  0.000000000000000E+000
  0.000000000000000E+000
  0.000000000000000E+000
  0.000000000000000E+000
  0.000000000000000E+000
  0.000000000000000E+000
  0.000000000000000E+000
  0.000000000000000E+000
  0.000000000000000E+000
  0.000000000000000E+000
  0.000000000000000E+000
  0.856465332122851     
   2.23954515669352     
   2.00901049576495     
   2.49038091341892     
   2.50000000000000     
   2.50000000000000     
   2.50000000000000     
   2.50000000000000     
   2.50000000000000     
   2.24854772151413     
   2.47898110599487     
   2.50000000000000     
   2.50000000000000     
   2.50000000000000     
   2.50000000000000     
   2.50000000000000     
   2.50000000000000     
   2.50000000000000     
   2.50000000000000     
   2.50000000000000     
   2.50000000000000     
  0.000000000000000E+000
  0.000000000000000E+000
  0.000000000000000E+000
  0.000000000000000E+000
  0.000000000000000E+000
  0.000000000000000E+000
  0.000000000000000E+000
  0.000000000000000E+000
  0.000000000000000E+000
  0.000000000000000E+000
  0.000000000000000E+000
  0.000000000000000E+000
  0.000000000000000E+000
  0.000000000000000E+000
  0.000000000000000E+000
  0.000000000000000E+000
  0.000000000000000E+000
  0.000000000000000E+000
  0.272078130363596     
  0.000000000000000E+000
  0.000000000000000E+000
  0.000000000000000E+000
  0.000000000000000E+000
  0.000000000000000E+000
  0.000000000000000E+000
   1.97136336800408     
   2.50000000000000     
   2.50000000000000     
   2.50000000000000     
   2.49391520574606     
   2.50000000000000     
   2.50000000000000     
   2.50000000000000     
   2.24778968744594     
  0.000000000000000E+000
  0.000000000000000E+000
  0.000000000000000E+000
  0.000000000000000E+000
  0.000000000000000E+000
  0.000000000000000E+000
  0.000000000000000E+000
  0.000000000000000E+000
  0.000000000000000E+000
  0.000000000000000E+000
  0.000000000000000E+000
  0.000000000000000E+000
  0.000000000000000E+000
  0.000000000000000E+000
  0.000000000000000E+000
  0.000000000000000E+000
  0.000000000000000E+000
  0.000000000000000E+000
  0.000000000000000E+000
  0.000000000000000E+000
  0.000000000000000E+000
  0.000000000000000E+000
  0.000000000000000E+000
  0.000000000000000E+000
  0.000000000000000E+000
   1.54525014461865     
   2.50000000000000     
   2.50000000000000     
   2.50000000000000     
   2.50000000000000     
   2.50000000000000     
  0.202240893088803     
  0.000000000000000E+000
  0.000000000000000E+000
  0.000000000000000E+000
  0.000000000000000E+000
  0.000000000000000E+000
  0.000000000000000E+000
  0.000000000000000E+000
  0.000000000000000E+000
  0.000000000000000E+000
  7.347920879736415E-002
  0.000000000000000E+000
  0.000000000000000E+000
  0.000000000000000E+000
  0.000000000000000E+000
  0.000000000000000E+000
  0.000000000000000E+000
  0.000000000000000E+000
  0.000000000000000E+000
  0.000000000000000E+000
  0.000000000000000E+000
  0.000000000000000E+000
  0.000000000000000E+000
  0.000000000000000E+000
  0.000000000000000E+000
  0.000000000000000E+000
  0.000000000000000E+000
  0.000000000000000E+000
   1.78736695951214     
   2.50000000000000     
  0.000000000000000E+000
  0.000000000000000E+000
  0.000000000000000E+000
  0.000000000000000E+000
  0.000000000000000E+000
  0.000000000000000E+000
  0.000000000000000E+000
  0.000000000000000E+000
  0.000000000000000E+000
  0.000000000000000E+000
  0.000000000000000E+000
  0.000000000000000E+000
  0.000000000000000E+000
  0.000000000000000E+000
  0.000000000000000E+000
  0.000000000000000E+000
  0.000000000000000E+000
  0.000000000000000E+000
  0.000000000000000E+000
  0.000000000000000E+000
  0.000000000000000E+000
  0.000000000000000E+000
  0.000000000000000E+000
  0.000000000000000E+000
  0.000000000000000E+000
  0.000000000000000E+000
  0.000000000000000E+000
  0.000000000000000E+000
  0.000000000000000E+000
  0.000000000000000E+000
  0.000000000000000E+000
  0.000000000000000E+000
  0.000000000000000E+000
  0.000000000000000E+000
  0.000000000000000E+000
  0.000000000000000E+000
  0.000000000000000E+000
  0.000000000000000E+000
  0.000000000000000E+000
  0.000000000000000E+000
  0.000000000000000E+000
  0.000000000000000E+000
  0.000000000000000E+000
  0.000000000000000E+000
  0.000000000000000E+000
  0.000000000000000E+000
  0.000000000000000E+000
  0.000000000000000E+000
  0.000000000000000E+000
  0.000000000000000E+000
  0.000000000000000E+000
  0.000000000000000E+000
  0.000000000000000E+000
  0.000000000000000E+000
  0.000000000000000E+000
  0.000000000000000E+000
  0.000000000000000E+000
  0.000000000000000E+000
  0.000000000000000E+000
  0.000000000000000E+000
  0.000000000000000E+000
  0.000000000000000E+000
  0.000000000000000E+000
  0.000000000000000E+000
  0.000000000000000E+000
  2.334462932785922E-002
  0.000000000000000E+000
  0.000000000000000E+000
  0.000000000000000E+000
  0.000000000000000E+000
  0.000000000000000E+000
  0.000000000000000E+000
  0.000000000000000E+000
  0.000000000000000E+000
  0.000000000000000E+000
  7.117688612090006E-002
  0.000000000000000E+000
  0.000000000000000E+000
  0.000000000000000E+000
  0.000000000000000E+000
  0.000000000000000E+000
  0.000000000000000E+000
  0.000000000000000E+000
  0.000000000000000E+000
  0.000000000000000E+000
  0.000000000000000E+000
  0.000000000000000E+000
  0.000000000000000E+000
  0.000000000000000E+000
  0.000000000000000E+000
  0.000000000000000E+000
  0.000000000000000E+000
  0.000000000000000E+000
  0.000000000000000E+000
  0.000000000000000E+000
  0.000000000000000E+000
  0.000000000000000E+000
  0.000000000000000E+000
  0.000000000000000E+000
  0.000000000000000E+000
  0.000000000000000E+000
  0.000000000000000E+000
  0.000000000000000E+000
  0.000000000000000E+000
  0.000000000000000E+000
  0.000000000000000E+000
  0.000000000000000E+000
  0.000000000000000E+000
  0.000000000000000E+000
  0.000000000000000E+000
  0.000000000000000E+000
  0.000000000000000E+000
  0.000000000000000E+000
  0.000000000000000E+000
  0.000000000000000E+000
  0.000000000000000E+000
  0.000000000000000E+000
  0.000000000000000E+000
  0.000000000000000E+000
  0.000000000000000E+000
  0.000000000000000E+000
  0.000000000000000E+000
  0.000000000000000E+000
  0.000000000000000E+000
  0.000000000000000E+000
  0.000000000000000E+000
  0.000000000000000E+000
  0.000000000000000E+000
  0.000000000000000E+000
  0.000000000000000E+000
  0.000000000000000E+000
  0.000000000000000E+000
  0.000000000000000E+000
  0.000000000000000E+000
  0.000000000000000E+000
  0.000000000000000E+000
  0.000000000000000E+000
  0.000000000000000E+000
  0.000000000000000E+000
  0.000000000000000E+000
  0.000000000000000E+000
  0.000000000000000E+000
  0.000000000000000E+000
  0.000000000000000E+000
  0.000000000000000E+000
  0.000000000000000E+000
  0.000000000000000E+000
  0.159489693957427     
  0.000000000000000E+000
  0.000000000000000E+000
  0.000000000000000E+000
  0.000000000000000E+000
  0.000000000000000E+000
  0.000000000000000E+000
  0.000000000000000E+000
  0.000000000000000E+000
  0.000000000000000E+000
  0.000000000000000E+000
  0.000000000000000E+000
  0.000000000000000E+000
  0.000000000000000E+000
  0.000000000000000E+000
  0.000000000000000E+000
  0.000000000000000E+000
  0.000000000000000E+000
  0.000000000000000E+000
  0.000000000000000E+000
  0.000000000000000E+000
  0.000000000000000E+000
  0.000000000000000E+000
  0.000000000000000E+000
  0.000000000000000E+000
  0.000000000000000E+000
  0.000000000000000E+000
  0.000000000000000E+000
  0.000000000000000E+000
  0.000000000000000E+000
  0.000000000000000E+000
  0.000000000000000E+000
  0.000000000000000E+000
  0.000000000000000E+000
  0.000000000000000E+000
  0.000000000000000E+000
  0.000000000000000E+000
  0.000000000000000E+000
  0.000000000000000E+000
  0.000000000000000E+000
  0.000000000000000E+000
  0.000000000000000E+000
  0.000000000000000E+000
  0.000000000000000E+000
  0.000000000000000E+000
  0.000000000000000E+000
  0.000000000000000E+000
  0.000000000000000E+000
  0.000000000000000E+000
  0.000000000000000E+000
  0.000000000000000E+000
  0.000000000000000E+000
  0.000000000000000E+000
  0.000000000000000E+000
  0.000000000000000E+000
  0.000000000000000E+000
  0.254069942799604     
  0.000000000000000E+000
  0.000000000000000E+000
  0.000000000000000E+000
  0.000000000000000E+000
  0.000000000000000E+000
  0.000000000000000E+000
  0.000000000000000E+000
  0.000000000000000E+000
  0.000000000000000E+000
  0.000000000000000E+000
  0.000000000000000E+000
  0.000000000000000E+000
  0.000000000000000E+000
  0.000000000000000E+000
  0.000000000000000E+000
  0.000000000000000E+000
  0.000000000000000E+000
  0.000000000000000E+000
  0.000000000000000E+000
  0.000000000000000E+000
  0.000000000000000E+000
  0.000000000000000E+000
  0.000000000000000E+000
  1.571415948712944E-002
  0.000000000000000E+000
  0.000000000000000E+000
  0.000000000000000E+000
  0.000000000000000E+000
  0.000000000000000E+000
  0.000000000000000E+000
  0.000000000000000E+000
  0.000000000000000E+000
  0.000000000000000E+000
  0.000000000000000E+000
  0.000000000000000E+000
  0.000000000000000E+000
  0.000000000000000E+000
  0.000000000000000E+000
  0.000000000000000E+000
  0.000000000000000E+000
  0.000000000000000E+000
  0.000000000000000E+000
  0.000000000000000E+000
  0.000000000000000E+000
  0.000000000000000E+000
  0.000000000000000E+000
  0.000000000000000E+000
  0.000000000000000E+000
  0.000000000000000E+000
  0.000000000000000E+000
  0.000000000000000E+000
  0.000000000000000E+000
  0.000000000000000E+000
  0.000000000000000E+000
  0.000000000000000E+000
  0.000000000000000E+000
  0.000000000000000E+000
  0.000000000000000E+000
  0.000000000000000E+000
  0.000000000000000E+000
  0.000000000000000E+000
  0.000000000000000E+000
  0.000000000000000E+000
  0.000000000000000E+000
  0.000000000000000E+000
  0.000000000000000E+000
  0.000000000000000E+000
  0.000000000000000E+000
  0.000000000000000E+000
  0.000000000000000E+000
  0.000000000000000E+000
  0.000000000000000E+000
  0.000000000000000E+000
  0.000000000000000E+000
  0.000000000000000E+000
  0.000000000000000E+000
  0.000000000000000E+000
  0.000000000000000E+000
  0.000000000000000E+000
  4.432239995460917E-002
  0.000000000000000E+000
  0.000000000000000E+000
  0.000000000000000E+000
  0.000000000000000E+000
  0.000000000000000E+000
  0.000000000000000E+000
  0.000000000000000E+000
  0.000000000000000E+000
  0.000000000000000E+000
  0.000000000000000E+000
  0.000000000000000E+000
  0.000000000000000E+000
  0.000000000000000E+000
  0.000000000000000E+000
  0.000000000000000E+000
  0.000000000000000E+000
  0.000000000000000E+000
  0.000000000000000E+000
  0.000000000000000E+000
  0.000000000000000E+000
  0.000000000000000E+000
  0.000000000000000E+000
  0.000000000000000E+000
  0.000000000000000E+000
  0.000000000000000E+000
  0.000000000000000E+000
  0.000000000000000E+000
  0.000000000000000E+000
  0.000000000000000E+000
  0.000000000000000E+000
  0.000000000000000E+000
  0.000000000000000E+000
  0.000000000000000E+000
  0.000000000000000E+000
  0.000000000000000E+000
  0.000000000000000E+000
  0.000000000000000E+000
  0.000000000000000E+000
  0.000000000000000E+000
  0.000000000000000E+000
  0.000000000000000E+000
  0.000000000000000E+000
