parameter:
size=200x150
design_area=r50
ins=r30
sampling=100 
**height range=0.0d0~2.0d0(pre 0.0d0~1.0d)
 
 best result is in generation         496 sampling=          72
 best value of Objective function is  2.001979226401566E-002
 best design variables
   2.00000000000000     
   2.00000000000000     
   2.00000000000000     
   2.00000000000000     
   2.00000000000000     
   2.00000000000000     
   2.00000000000000     
   2.00000000000000     
   2.00000000000000     
   2.00000000000000     
   2.00000000000000     
   2.00000000000000     
   1.59038398207492     
  0.000000000000000E+000
   2.00000000000000     
  0.000000000000000E+000
  0.000000000000000E+000
  0.000000000000000E+000
  0.000000000000000E+000
  0.000000000000000E+000
   2.00000000000000     
   1.99713379991702     
   2.00000000000000     
   2.00000000000000     
   2.00000000000000     
   2.00000000000000     
   2.00000000000000     
   2.00000000000000     
   2.00000000000000     
   2.00000000000000     
   2.00000000000000     
   2.00000000000000     
   2.00000000000000     
   2.00000000000000     
   2.00000000000000     
  0.000000000000000E+000
  0.000000000000000E+000
  0.000000000000000E+000
  0.000000000000000E+000
  0.000000000000000E+000
   2.00000000000000     
   2.00000000000000     
   2.00000000000000     
   2.00000000000000     
   2.00000000000000     
   2.00000000000000     
   2.00000000000000     
   2.00000000000000     
   2.00000000000000     
   2.00000000000000     
   2.00000000000000     
   2.00000000000000     
   2.00000000000000     
   2.00000000000000     
  0.000000000000000E+000
  0.000000000000000E+000
  0.000000000000000E+000
  0.000000000000000E+000
  0.000000000000000E+000
  0.000000000000000E+000
   2.00000000000000     
   2.00000000000000     
   2.00000000000000     
   2.00000000000000     
   2.00000000000000     
   2.00000000000000     
   2.00000000000000     
   2.00000000000000     
   2.00000000000000     
   2.00000000000000     
   1.94134511442224     
   2.00000000000000     
  0.000000000000000E+000
   2.00000000000000     
   1.31218242680198     
  6.448104556905043E-002
  5.732271653645213E-002
  0.000000000000000E+000
  0.000000000000000E+000
  0.893534613557852     
   2.00000000000000     
   2.00000000000000     
   2.00000000000000     
   2.00000000000000     
   2.00000000000000     
   2.00000000000000     
   2.00000000000000     
   2.00000000000000     
   2.00000000000000     
   2.00000000000000     
   2.00000000000000     
   2.00000000000000     
   2.00000000000000     
   2.00000000000000     
  0.000000000000000E+000
  0.000000000000000E+000
  0.000000000000000E+000
  0.000000000000000E+000
  0.000000000000000E+000
  0.000000000000000E+000
   2.00000000000000     
   2.00000000000000     
   2.00000000000000     
   2.00000000000000     
   2.00000000000000     
   2.00000000000000     
   2.00000000000000     
   2.00000000000000     
   2.00000000000000     
   2.00000000000000     
   2.00000000000000     
   1.98891331346655     
   2.00000000000000     
   2.00000000000000     
   2.00000000000000     
  0.000000000000000E+000
  0.000000000000000E+000
  0.000000000000000E+000
  0.000000000000000E+000
  0.000000000000000E+000
  0.259274049825510     
   2.00000000000000     
   2.00000000000000     
   2.00000000000000     
   2.00000000000000     
   2.00000000000000     
   2.00000000000000     
   2.00000000000000     
   2.00000000000000     
   2.00000000000000     
   2.00000000000000     
   2.00000000000000     
   2.00000000000000     
   2.00000000000000     
   2.00000000000000     
  0.508819919880294     
  0.000000000000000E+000
  0.000000000000000E+000
  0.000000000000000E+000
  0.000000000000000E+000
  0.000000000000000E+000
  0.000000000000000E+000
   2.00000000000000     
   2.00000000000000     
   2.00000000000000     
   2.00000000000000     
   2.00000000000000     
   2.00000000000000     
   2.00000000000000     
   2.00000000000000     
   2.00000000000000     
   2.00000000000000     
   2.00000000000000     
   1.96797901718220     
   2.00000000000000     
  0.612534215312284     
  0.000000000000000E+000
  0.000000000000000E+000
  0.000000000000000E+000
  0.000000000000000E+000
  0.000000000000000E+000
   2.00000000000000     
   2.00000000000000     
   2.00000000000000     
   2.00000000000000     
   2.00000000000000     
   2.00000000000000     
   2.00000000000000     
   1.96490212043691     
   2.00000000000000     
   2.00000000000000     
   2.00000000000000     
   2.00000000000000     
   2.00000000000000     
   2.00000000000000     
  0.612500597048312     
  0.496713192380840     
  0.000000000000000E+000
  0.000000000000000E+000
  0.000000000000000E+000
   1.67863911460550     
  0.000000000000000E+000
   2.00000000000000     
   2.00000000000000     
   2.00000000000000     
   2.00000000000000     
   2.00000000000000     
   2.00000000000000     
   2.00000000000000     
   2.00000000000000     
   2.00000000000000     
   2.00000000000000     
   2.00000000000000     
   2.00000000000000     
   2.00000000000000     
   1.89363127605756     
   2.00000000000000     
  0.000000000000000E+000
  0.317050519976148     
   2.00000000000000     
   2.00000000000000     
  0.000000000000000E+000
  0.000000000000000E+000
   2.00000000000000     
   2.00000000000000     
   2.00000000000000     
   2.00000000000000     
   2.00000000000000     
   2.00000000000000     
   1.99627279736114     
   2.00000000000000     
   2.00000000000000     
   2.00000000000000     
   1.95175197052472     
   2.00000000000000     
   2.00000000000000     
   2.00000000000000     
  0.000000000000000E+000
  6.997647997985426E-002
   2.00000000000000     
   1.13296831594537     
  0.000000000000000E+000
  0.000000000000000E+000
  0.000000000000000E+000
   2.00000000000000     
   2.00000000000000     
   2.00000000000000     
   2.00000000000000     
   2.00000000000000     
   2.00000000000000     
   2.00000000000000     
   2.00000000000000     
   2.00000000000000     
   2.00000000000000     
   2.00000000000000     
   2.00000000000000     
   2.00000000000000     
   1.42450983492221     
  0.000000000000000E+000
   2.00000000000000     
   2.00000000000000     
  0.000000000000000E+000
  0.000000000000000E+000
  0.000000000000000E+000
  0.000000000000000E+000
   2.00000000000000     
   2.00000000000000     
   2.00000000000000     
   2.00000000000000     
   2.00000000000000     
   2.00000000000000     
   2.00000000000000     
   2.00000000000000     
   2.00000000000000     
   2.00000000000000     
   2.00000000000000     
   2.00000000000000     
   2.00000000000000     
   2.00000000000000     
   2.00000000000000     
   1.87431636625519     
   2.00000000000000     
  0.000000000000000E+000
  0.000000000000000E+000
  0.000000000000000E+000
  0.000000000000000E+000
   2.00000000000000     
   2.00000000000000     
   2.00000000000000     
   2.00000000000000     
   2.00000000000000     
   2.00000000000000     
   2.00000000000000     
   2.00000000000000     
   2.00000000000000     
   2.00000000000000     
   2.00000000000000     
   2.00000000000000     
   2.00000000000000     
   2.00000000000000     
   2.00000000000000     
  0.000000000000000E+000
  0.000000000000000E+000
  0.000000000000000E+000
  0.000000000000000E+000
  0.000000000000000E+000
  0.000000000000000E+000
   2.00000000000000     
   2.00000000000000     
   2.00000000000000     
   2.00000000000000     
   2.00000000000000     
   2.00000000000000     
   2.00000000000000     
   2.00000000000000     
   2.00000000000000     
   2.00000000000000     
   2.00000000000000     
   2.00000000000000     
   2.00000000000000     
   2.00000000000000     
  0.000000000000000E+000
  0.000000000000000E+000
  0.000000000000000E+000
  0.000000000000000E+000
  0.000000000000000E+000
  0.000000000000000E+000
  0.000000000000000E+000
  0.000000000000000E+000
   2.00000000000000     
   2.00000000000000     
   2.00000000000000     
   2.00000000000000     
   2.00000000000000     
   2.00000000000000     
   2.00000000000000     
   1.77518970906753     
   2.00000000000000     
   2.00000000000000     
   2.00000000000000     
   2.00000000000000     
   2.00000000000000     
  0.000000000000000E+000
  0.000000000000000E+000
   2.00000000000000     
   2.00000000000000     
   2.00000000000000     
  0.144023527154344     
  0.000000000000000E+000
  0.000000000000000E+000
  0.000000000000000E+000
   2.00000000000000     
   2.00000000000000     
   2.00000000000000     
   2.00000000000000     
   2.00000000000000     
   2.00000000000000     
   2.00000000000000     
   2.00000000000000     
   2.00000000000000     
   2.00000000000000     
   2.00000000000000     
   2.00000000000000     
   2.00000000000000     
   2.00000000000000     
   2.00000000000000     
   2.00000000000000     
   1.77641900796438     
  0.000000000000000E+000
  0.000000000000000E+000
  0.000000000000000E+000
  0.000000000000000E+000
  0.000000000000000E+000
   2.00000000000000     
   2.00000000000000     
   2.00000000000000     
   2.00000000000000     
   2.00000000000000     
   2.00000000000000     
   2.00000000000000     
   2.00000000000000     
   2.00000000000000     
   2.00000000000000     
   2.00000000000000     
   2.00000000000000     
   2.00000000000000     
   2.00000000000000     
   2.00000000000000     
   2.00000000000000     
   2.00000000000000     
   1.41873395243833     
   2.00000000000000     
  0.000000000000000E+000
  0.000000000000000E+000
  0.000000000000000E+000
  0.000000000000000E+000
   2.00000000000000     
   2.00000000000000     
   2.00000000000000     
   2.00000000000000     
   2.00000000000000     
   2.00000000000000     
   2.00000000000000     
   2.00000000000000     
   2.00000000000000     
   2.00000000000000     
   2.00000000000000     
   1.85740209027200     
   2.00000000000000     
   2.00000000000000     
   2.00000000000000     
   2.00000000000000     
   1.92071956767562     
   2.00000000000000     
  0.000000000000000E+000
  0.000000000000000E+000
  0.000000000000000E+000
  0.000000000000000E+000
   2.00000000000000     
   2.00000000000000     
   2.00000000000000     
   2.00000000000000     
   2.00000000000000     
   2.00000000000000     
   2.00000000000000     
   2.00000000000000     
   2.00000000000000     
   1.88295811228254     
   2.00000000000000     
   2.00000000000000     
   2.00000000000000     
   2.00000000000000     
   2.00000000000000     
   2.00000000000000     
   2.00000000000000     
   2.00000000000000     
  0.000000000000000E+000
  0.000000000000000E+000
  0.000000000000000E+000
  0.000000000000000E+000
  0.000000000000000E+000
   2.00000000000000     
   2.00000000000000     
   2.00000000000000     
   2.00000000000000     
   2.00000000000000     
   2.00000000000000     
   2.00000000000000     
   2.00000000000000     
   2.00000000000000     
   2.00000000000000     
   2.00000000000000     
   2.00000000000000     
   2.00000000000000     
   2.00000000000000     
   2.00000000000000     
   2.00000000000000     
   2.00000000000000     
   2.00000000000000     
  0.000000000000000E+000
  0.000000000000000E+000
  0.000000000000000E+000
  0.000000000000000E+000
  0.000000000000000E+000
  0.000000000000000E+000
   2.00000000000000     
   2.00000000000000     
   2.00000000000000     
   2.00000000000000     
   2.00000000000000     
   2.00000000000000     
   2.00000000000000     
   1.99241226865217     
   2.00000000000000     
   2.00000000000000     
   2.00000000000000     
   2.00000000000000     
   2.00000000000000     
   2.00000000000000     
   2.00000000000000     
   2.00000000000000     
   2.00000000000000     
   2.00000000000000     
  0.252449041307537     
  0.000000000000000E+000
  0.000000000000000E+000
  0.000000000000000E+000
  0.000000000000000E+000
  0.000000000000000E+000
   2.00000000000000     
   2.00000000000000     
   2.00000000000000     
   2.00000000000000     
   2.00000000000000     
   2.00000000000000     
   2.00000000000000     
   2.00000000000000     
   2.00000000000000     
   2.00000000000000     
   2.00000000000000     
   2.00000000000000     
   2.00000000000000     
   2.00000000000000     
   2.00000000000000     
   2.00000000000000     
   2.00000000000000     
   2.00000000000000     
   1.94112271248550     
  0.000000000000000E+000
  0.000000000000000E+000
  0.000000000000000E+000
  0.000000000000000E+000
  0.000000000000000E+000
  0.000000000000000E+000
   2.00000000000000     
   2.00000000000000     
   2.00000000000000     
   2.00000000000000     
   2.00000000000000     
   2.00000000000000     
   2.00000000000000     
   2.00000000000000     
   2.00000000000000     
   2.00000000000000     
   2.00000000000000     
   2.00000000000000     
   2.00000000000000     
   2.00000000000000     
   2.00000000000000     
   2.00000000000000     
   2.00000000000000     
   2.00000000000000     
   2.00000000000000     
  0.000000000000000E+000
  0.000000000000000E+000
  0.000000000000000E+000
  0.000000000000000E+000
  0.000000000000000E+000
  0.000000000000000E+000
   2.00000000000000     
   2.00000000000000     
   2.00000000000000     
   2.00000000000000     
   2.00000000000000     
   2.00000000000000     
   2.00000000000000     
   2.00000000000000     
   2.00000000000000     
   2.00000000000000     
   2.00000000000000     
   2.00000000000000     
   2.00000000000000     
   2.00000000000000     
   2.00000000000000     
   2.00000000000000     
   2.00000000000000     
   2.00000000000000     
   2.00000000000000     
   2.00000000000000     
  0.000000000000000E+000
  0.000000000000000E+000
  0.000000000000000E+000
  0.000000000000000E+000
  0.000000000000000E+000
  0.000000000000000E+000
  0.000000000000000E+000
   2.00000000000000     
   2.00000000000000     
   2.00000000000000     
   2.00000000000000     
   2.00000000000000     
   2.00000000000000     
   2.00000000000000     
   2.00000000000000     
   2.00000000000000     
   2.00000000000000     
   2.00000000000000     
   2.00000000000000     
   2.00000000000000     
   2.00000000000000     
   2.00000000000000     
   2.00000000000000     
   2.00000000000000     
   2.00000000000000     
   2.00000000000000     
   2.00000000000000     
  0.000000000000000E+000
  0.000000000000000E+000
  0.000000000000000E+000
  0.000000000000000E+000
  0.000000000000000E+000
  0.000000000000000E+000
  0.000000000000000E+000
   2.00000000000000     
   2.00000000000000     
   2.00000000000000     
   2.00000000000000     
   2.00000000000000     
   2.00000000000000     
   2.00000000000000     
   2.00000000000000     
   2.00000000000000     
   2.00000000000000     
   2.00000000000000     
   2.00000000000000     
   2.00000000000000     
   2.00000000000000     
   2.00000000000000     
   2.00000000000000     
   2.00000000000000     
   2.00000000000000     
   2.00000000000000     
   2.00000000000000     
   2.00000000000000     
  0.000000000000000E+000
  0.000000000000000E+000
  0.000000000000000E+000
  0.000000000000000E+000
  0.000000000000000E+000
  0.000000000000000E+000
  0.000000000000000E+000
   2.00000000000000     
   2.00000000000000     
   2.00000000000000     
   2.00000000000000     
   2.00000000000000     
   2.00000000000000     
   2.00000000000000     
   2.00000000000000     
   2.00000000000000     
   2.00000000000000     
   1.99686875282256     
   2.00000000000000     
   2.00000000000000     
   2.00000000000000     
   2.00000000000000     
   2.00000000000000     
   2.00000000000000     
   2.00000000000000     
   2.00000000000000     
   2.00000000000000     
   2.00000000000000     
   2.00000000000000     
  0.000000000000000E+000
  0.000000000000000E+000
  0.000000000000000E+000
  0.000000000000000E+000
  0.000000000000000E+000
  0.000000000000000E+000
  0.000000000000000E+000
  0.000000000000000E+000
   2.00000000000000     
   2.00000000000000     
   2.00000000000000     
   2.00000000000000     
   2.00000000000000     
   2.00000000000000     
   2.00000000000000     
   2.00000000000000     
   2.00000000000000     
   2.00000000000000     
   2.00000000000000     
   2.00000000000000     
   2.00000000000000     
   2.00000000000000     
   2.00000000000000     
   2.00000000000000     
   1.82399068322686     
   2.00000000000000     
   2.00000000000000     
   2.00000000000000     
   2.00000000000000     
   2.00000000000000     
   2.00000000000000     
   2.00000000000000     
  0.000000000000000E+000
  0.000000000000000E+000
  0.000000000000000E+000
  0.000000000000000E+000
  0.000000000000000E+000
  0.000000000000000E+000
  0.000000000000000E+000
  0.000000000000000E+000
   2.00000000000000     
   2.00000000000000     
   2.00000000000000     
   2.00000000000000     
   1.59921200534080     
   2.00000000000000     
   2.00000000000000     
   2.00000000000000     
   2.00000000000000     
   1.82977398083732     
   2.00000000000000     
   2.00000000000000     
   2.00000000000000     
   2.00000000000000     
   2.00000000000000     
   2.00000000000000     
   2.00000000000000     
   2.00000000000000     
   2.00000000000000     
   2.00000000000000     
   2.00000000000000     
   2.00000000000000     
   2.00000000000000     
   2.00000000000000     
   2.00000000000000     
   2.00000000000000     
   2.00000000000000     
  0.000000000000000E+000
  0.000000000000000E+000
  0.000000000000000E+000
  0.000000000000000E+000
  0.000000000000000E+000
  0.000000000000000E+000
  0.000000000000000E+000
  0.000000000000000E+000
   1.51154108512834     
   2.00000000000000     
   1.63667003785158     
   1.93247588090412     
   2.00000000000000     
   1.48670627948568     
   2.00000000000000     
   2.00000000000000     
   1.82652073972396     
   2.00000000000000     
   2.00000000000000     
   2.00000000000000     
   2.00000000000000     
   2.00000000000000     
   2.00000000000000     
   2.00000000000000     
   2.00000000000000     
   2.00000000000000     
   2.00000000000000     
   2.00000000000000     
   2.00000000000000     
   2.00000000000000     
   2.00000000000000     
   2.00000000000000     
   2.00000000000000     
   2.00000000000000     
   2.00000000000000     
   1.96503729352881     
   2.00000000000000     
   2.00000000000000     
  0.000000000000000E+000
  0.000000000000000E+000
  0.000000000000000E+000
  0.000000000000000E+000
  0.000000000000000E+000
  0.000000000000000E+000
  0.000000000000000E+000
  7.662964466740559E-002
  0.000000000000000E+000
  0.000000000000000E+000
  0.000000000000000E+000
  0.000000000000000E+000
   2.00000000000000     
   1.69109762186239     
   2.00000000000000     
   2.00000000000000     
   2.00000000000000     
   2.00000000000000     
   2.00000000000000     
   2.00000000000000     
   2.00000000000000     
   2.00000000000000     
   2.00000000000000     
   2.00000000000000     
   2.00000000000000     
   2.00000000000000     
   2.00000000000000     
   2.00000000000000     
   2.00000000000000     
   2.00000000000000     
   2.00000000000000     
   2.00000000000000     
   2.00000000000000     
   2.00000000000000     
   2.00000000000000     
   2.00000000000000     
   2.00000000000000     
   2.00000000000000     
   2.00000000000000     
  0.000000000000000E+000
  0.000000000000000E+000
  0.000000000000000E+000
  0.000000000000000E+000
  0.000000000000000E+000
  0.000000000000000E+000
  0.000000000000000E+000
  0.000000000000000E+000
  0.000000000000000E+000
  0.000000000000000E+000
  0.000000000000000E+000
  0.617510169899847     
   2.00000000000000     
   1.54099739552928     
   2.00000000000000     
   2.00000000000000     
   1.31637952426405     
   2.00000000000000     
   2.00000000000000     
   2.00000000000000     
   2.00000000000000     
   2.00000000000000     
   2.00000000000000     
   2.00000000000000     
   2.00000000000000     
   2.00000000000000     
   2.00000000000000     
   2.00000000000000     
   2.00000000000000     
   2.00000000000000     
   2.00000000000000     
   2.00000000000000     
   2.00000000000000     
   2.00000000000000     
   2.00000000000000     
   2.00000000000000     
   2.00000000000000     
   1.69646909856250     
  0.000000000000000E+000
  0.000000000000000E+000
  0.000000000000000E+000
  0.000000000000000E+000
  0.000000000000000E+000
  0.000000000000000E+000
  0.000000000000000E+000
  0.000000000000000E+000
  0.000000000000000E+000
  0.000000000000000E+000
  0.000000000000000E+000
  0.000000000000000E+000
  0.000000000000000E+000
   2.00000000000000     
   2.00000000000000     
   1.67812291379589     
   2.00000000000000     
   1.96626880946013     
   2.00000000000000     
   2.00000000000000     
   2.00000000000000     
   2.00000000000000     
   2.00000000000000     
   2.00000000000000     
   2.00000000000000     
   2.00000000000000     
   2.00000000000000     
   2.00000000000000     
   2.00000000000000     
   2.00000000000000     
   2.00000000000000     
   2.00000000000000     
   2.00000000000000     
   1.94763882433621     
   2.00000000000000     
  0.000000000000000E+000
  0.000000000000000E+000
  0.000000000000000E+000
  0.000000000000000E+000
  0.000000000000000E+000
  0.000000000000000E+000
  0.000000000000000E+000
  0.000000000000000E+000
  0.000000000000000E+000
  0.000000000000000E+000
   2.00000000000000     
  0.000000000000000E+000
  0.000000000000000E+000
  0.000000000000000E+000
   2.00000000000000     
   1.51789451503666     
   2.00000000000000     
   1.67244506663850     
   2.00000000000000     
   2.00000000000000     
   2.00000000000000     
   2.00000000000000     
   1.82354245360503     
   2.00000000000000     
   2.00000000000000     
   2.00000000000000     
   2.00000000000000     
   2.00000000000000     
   2.00000000000000     
  0.000000000000000E+000
   1.43318427234123     
   2.00000000000000     
  0.000000000000000E+000
  0.000000000000000E+000
  0.000000000000000E+000
  0.000000000000000E+000
  0.000000000000000E+000
  0.000000000000000E+000
  0.000000000000000E+000
  0.000000000000000E+000
  0.000000000000000E+000
  0.000000000000000E+000
  0.000000000000000E+000
  0.000000000000000E+000
  0.000000000000000E+000
  0.000000000000000E+000
  0.000000000000000E+000
  0.000000000000000E+000
  0.000000000000000E+000
  0.000000000000000E+000
  0.000000000000000E+000
  0.000000000000000E+000
  0.000000000000000E+000
  0.000000000000000E+000
  0.000000000000000E+000
  0.000000000000000E+000
  0.000000000000000E+000
  0.000000000000000E+000
  0.859497703195941     
   2.00000000000000     
   2.00000000000000     
   2.00000000000000     
  0.000000000000000E+000
  0.000000000000000E+000
  0.000000000000000E+000
  0.000000000000000E+000
  0.000000000000000E+000
  0.000000000000000E+000
  0.000000000000000E+000
  0.000000000000000E+000
  0.000000000000000E+000
  0.000000000000000E+000
  0.000000000000000E+000
  0.000000000000000E+000
  0.000000000000000E+000
  0.000000000000000E+000
  0.000000000000000E+000
  0.000000000000000E+000
  0.000000000000000E+000
  0.000000000000000E+000
  0.000000000000000E+000
  0.000000000000000E+000
  0.000000000000000E+000
  0.000000000000000E+000
  0.000000000000000E+000
  0.000000000000000E+000
  0.000000000000000E+000
  0.000000000000000E+000
  0.000000000000000E+000
   1.11731110897114     
   2.00000000000000     
   2.00000000000000     
   2.00000000000000     
   2.00000000000000     
  3.945362248259571E-002
  0.000000000000000E+000
  0.000000000000000E+000
  0.000000000000000E+000
  0.000000000000000E+000
  0.000000000000000E+000
   2.00000000000000     
   2.00000000000000     
   2.00000000000000     
   2.00000000000000     
   2.00000000000000     
   2.00000000000000     
  0.247261302031234     
  0.000000000000000E+000
  0.000000000000000E+000
  0.000000000000000E+000
  0.000000000000000E+000
  0.000000000000000E+000
  0.000000000000000E+000
  0.000000000000000E+000
  0.000000000000000E+000
  0.000000000000000E+000
  0.000000000000000E+000
  0.000000000000000E+000
  5.247142869149359E-002
  0.000000000000000E+000
  0.000000000000000E+000
  0.000000000000000E+000
  0.000000000000000E+000
  0.000000000000000E+000
  0.000000000000000E+000
  0.000000000000000E+000
  0.000000000000000E+000
  0.000000000000000E+000
  0.000000000000000E+000
  0.543070189637806     
   2.00000000000000     
   2.00000000000000     
   2.00000000000000     
   2.00000000000000     
   1.82881623067734     
  0.000000000000000E+000
  0.000000000000000E+000
  0.000000000000000E+000
  0.000000000000000E+000
  0.000000000000000E+000
  0.000000000000000E+000
  0.000000000000000E+000
  0.000000000000000E+000
  5.599590617203550E-002
  0.000000000000000E+000
  0.000000000000000E+000
  0.000000000000000E+000
  0.000000000000000E+000
  0.000000000000000E+000
  0.000000000000000E+000
  0.000000000000000E+000
  0.000000000000000E+000
  0.000000000000000E+000
  0.000000000000000E+000
  0.000000000000000E+000
  0.000000000000000E+000
  0.000000000000000E+000
  0.000000000000000E+000
  0.000000000000000E+000
  0.000000000000000E+000
  0.000000000000000E+000
  0.000000000000000E+000
  0.000000000000000E+000
  0.000000000000000E+000
  0.000000000000000E+000
  0.000000000000000E+000
  0.000000000000000E+000
  0.000000000000000E+000
  0.000000000000000E+000
  0.000000000000000E+000
  0.000000000000000E+000
  0.000000000000000E+000
  0.000000000000000E+000
  0.000000000000000E+000
  0.000000000000000E+000
  0.000000000000000E+000
  0.000000000000000E+000
  0.000000000000000E+000
  0.000000000000000E+000
  0.000000000000000E+000
  0.000000000000000E+000
  0.000000000000000E+000
  0.000000000000000E+000
  0.000000000000000E+000
  0.000000000000000E+000
  0.000000000000000E+000
  0.000000000000000E+000
  0.000000000000000E+000
  0.000000000000000E+000
  0.000000000000000E+000
  0.000000000000000E+000
  0.000000000000000E+000
  0.000000000000000E+000
  0.000000000000000E+000
  0.000000000000000E+000
  0.000000000000000E+000
  0.000000000000000E+000
  0.000000000000000E+000
  0.000000000000000E+000
  0.000000000000000E+000
  0.000000000000000E+000
  0.000000000000000E+000
  0.000000000000000E+000
  0.000000000000000E+000
  0.000000000000000E+000
  0.000000000000000E+000
  0.000000000000000E+000
  0.000000000000000E+000
  0.000000000000000E+000
  0.000000000000000E+000
  0.000000000000000E+000
  0.000000000000000E+000
  0.000000000000000E+000
  0.000000000000000E+000
  0.000000000000000E+000
  0.000000000000000E+000
  0.000000000000000E+000
  0.000000000000000E+000
  0.000000000000000E+000
  0.000000000000000E+000
  0.000000000000000E+000
  0.000000000000000E+000
  0.000000000000000E+000
  0.000000000000000E+000
  0.000000000000000E+000
  0.000000000000000E+000
  0.000000000000000E+000
  0.000000000000000E+000
  0.000000000000000E+000
  0.000000000000000E+000
  0.000000000000000E+000
  0.000000000000000E+000
  0.000000000000000E+000
  0.000000000000000E+000
  0.000000000000000E+000
  0.000000000000000E+000
  0.000000000000000E+000
  0.000000000000000E+000
  0.000000000000000E+000
  0.000000000000000E+000
  0.000000000000000E+000
  0.000000000000000E+000
  0.000000000000000E+000
  0.000000000000000E+000
  0.000000000000000E+000
  0.000000000000000E+000
  0.000000000000000E+000
  0.000000000000000E+000
  0.000000000000000E+000
  0.000000000000000E+000
  0.000000000000000E+000
  0.000000000000000E+000
  0.000000000000000E+000
  0.000000000000000E+000
  0.000000000000000E+000
  0.000000000000000E+000
  0.000000000000000E+000
  0.000000000000000E+000
  0.000000000000000E+000
  0.000000000000000E+000
  0.000000000000000E+000
  0.000000000000000E+000
  0.000000000000000E+000
  0.000000000000000E+000
  0.000000000000000E+000
  0.000000000000000E+000
  0.000000000000000E+000
  0.000000000000000E+000
  0.000000000000000E+000
  0.000000000000000E+000
  0.000000000000000E+000
  0.000000000000000E+000
  0.000000000000000E+000
  0.000000000000000E+000
  0.000000000000000E+000
  0.000000000000000E+000
  0.000000000000000E+000
  0.000000000000000E+000
  0.000000000000000E+000
  0.000000000000000E+000
  0.000000000000000E+000
  0.000000000000000E+000
  0.000000000000000E+000
  0.000000000000000E+000
  0.000000000000000E+000
  0.000000000000000E+000
  0.000000000000000E+000
  0.000000000000000E+000
  7.815450234693941E-002
  0.000000000000000E+000
  0.000000000000000E+000
  0.000000000000000E+000
  0.000000000000000E+000
  0.000000000000000E+000
  0.000000000000000E+000
  0.000000000000000E+000
  0.000000000000000E+000
  0.000000000000000E+000
  0.000000000000000E+000
  0.000000000000000E+000
  0.000000000000000E+000
  0.000000000000000E+000
  0.000000000000000E+000
  0.000000000000000E+000
  0.000000000000000E+000
  0.000000000000000E+000
  0.000000000000000E+000
  0.000000000000000E+000
  0.000000000000000E+000
  0.124015166642710     
  0.000000000000000E+000
  0.000000000000000E+000
  0.000000000000000E+000
  0.000000000000000E+000
  0.000000000000000E+000
  0.000000000000000E+000
  0.000000000000000E+000
  0.000000000000000E+000
  0.000000000000000E+000
  0.000000000000000E+000
  0.000000000000000E+000
  0.000000000000000E+000
  0.000000000000000E+000
  0.000000000000000E+000
  0.000000000000000E+000
  0.000000000000000E+000
  0.000000000000000E+000
  0.000000000000000E+000
  0.000000000000000E+000
  0.000000000000000E+000
  0.000000000000000E+000
  0.000000000000000E+000
  0.000000000000000E+000
  0.000000000000000E+000
  0.000000000000000E+000
  0.000000000000000E+000
  0.000000000000000E+000
  0.000000000000000E+000
  0.000000000000000E+000
  0.000000000000000E+000
  0.000000000000000E+000
  0.000000000000000E+000
  0.000000000000000E+000
  0.000000000000000E+000
  0.000000000000000E+000
  0.000000000000000E+000
  0.000000000000000E+000
  0.000000000000000E+000
  0.000000000000000E+000
  0.000000000000000E+000
  0.000000000000000E+000
  0.000000000000000E+000
  0.000000000000000E+000
  0.000000000000000E+000
  0.000000000000000E+000
  0.000000000000000E+000
  0.000000000000000E+000
  0.000000000000000E+000
  0.000000000000000E+000
  0.000000000000000E+000
  0.000000000000000E+000
  0.000000000000000E+000
  0.000000000000000E+000
  0.000000000000000E+000
  0.000000000000000E+000
  0.000000000000000E+000
  0.000000000000000E+000
  0.000000000000000E+000
  0.000000000000000E+000
  0.000000000000000E+000
  0.000000000000000E+000
  0.000000000000000E+000
  0.000000000000000E+000
  0.000000000000000E+000
  0.000000000000000E+000
  0.000000000000000E+000
  0.000000000000000E+000
  0.000000000000000E+000
  0.000000000000000E+000
  0.000000000000000E+000
  0.000000000000000E+000
  0.000000000000000E+000
  0.000000000000000E+000
  0.000000000000000E+000
  0.000000000000000E+000
  0.000000000000000E+000
  0.000000000000000E+000
  0.000000000000000E+000
  0.000000000000000E+000
  0.000000000000000E+000
  0.000000000000000E+000
  0.000000000000000E+000
  0.000000000000000E+000
  0.000000000000000E+000
  0.000000000000000E+000
  0.000000000000000E+000
  0.000000000000000E+000
  0.000000000000000E+000
  0.000000000000000E+000
  0.000000000000000E+000
  0.000000000000000E+000
  0.000000000000000E+000
  0.000000000000000E+000
  0.000000000000000E+000
  0.000000000000000E+000
  0.000000000000000E+000
  0.000000000000000E+000
  0.000000000000000E+000
  0.000000000000000E+000
  0.000000000000000E+000
  0.000000000000000E+000
  0.000000000000000E+000
  0.000000000000000E+000
  0.000000000000000E+000
  0.000000000000000E+000
  0.000000000000000E+000
  0.000000000000000E+000
  0.000000000000000E+000
