 best result is in generation         286 sampling=          90
 best value of Objective function is  5.917676791381343E-003
 best design variables
   4.00000000000000     
   3.82172304842906     
   4.00000000000000     
   4.00000000000000     
   4.00000000000000     
   2.41771910116195     
   4.00000000000000     
   4.00000000000000     
   1.38244468362632     
  0.813616391647869     
  0.000000000000000E+000
  0.000000000000000E+000
  0.000000000000000E+000
  0.000000000000000E+000
  0.000000000000000E+000
  0.000000000000000E+000
  0.000000000000000E+000
  0.000000000000000E+000
  0.000000000000000E+000
  0.000000000000000E+000
   4.00000000000000     
   4.00000000000000     
   4.00000000000000     
   3.95249355648691     
   3.27243642107628     
   4.00000000000000     
   4.00000000000000     
  0.000000000000000E+000
  0.000000000000000E+000
  0.000000000000000E+000
  0.729668928504567     
  8.152398456420029E-002
  0.000000000000000E+000
  0.000000000000000E+000
  5.494165523974824E-003
  0.000000000000000E+000
  0.000000000000000E+000
  0.000000000000000E+000
  0.000000000000000E+000
  0.000000000000000E+000
   4.00000000000000     
   4.00000000000000     
   4.00000000000000     
   4.00000000000000     
   4.00000000000000     
   3.48303496455694     
   3.50331635313385     
   4.00000000000000     
   3.73836214394856     
  0.000000000000000E+000
  0.000000000000000E+000
  0.000000000000000E+000
  0.000000000000000E+000
  0.000000000000000E+000
  0.000000000000000E+000
  0.000000000000000E+000
  0.000000000000000E+000
   1.04734831649290     
  0.150291763903716     
  0.000000000000000E+000
   4.00000000000000     
   4.00000000000000     
   4.00000000000000     
   4.00000000000000     
   3.85081225250469     
   4.00000000000000     
   3.13840517593316     
   4.00000000000000     
  0.000000000000000E+000
  0.000000000000000E+000
  0.000000000000000E+000
  0.000000000000000E+000
  0.000000000000000E+000
  0.000000000000000E+000
  0.000000000000000E+000
  0.107514123783309     
  0.000000000000000E+000
  0.176232212708669     
  0.000000000000000E+000
  0.000000000000000E+000
   4.00000000000000     
   4.00000000000000     
   3.28874409775181     
   4.00000000000000     
   4.00000000000000     
   3.95986536149772     
   2.93020568347668     
   1.51506737423732     
  0.000000000000000E+000
  0.000000000000000E+000
  0.000000000000000E+000
  0.000000000000000E+000
  0.000000000000000E+000
  0.000000000000000E+000
  0.000000000000000E+000
  0.000000000000000E+000
  0.000000000000000E+000
  0.000000000000000E+000
  0.000000000000000E+000
  0.000000000000000E+000
   4.00000000000000     
   4.00000000000000     
   4.00000000000000     
   4.00000000000000     
   4.00000000000000     
   4.00000000000000     
   2.62378576757664     
   3.95560108088019     
  0.000000000000000E+000
  0.000000000000000E+000
  0.000000000000000E+000
  0.000000000000000E+000
  0.000000000000000E+000
  0.000000000000000E+000
  0.000000000000000E+000
  0.000000000000000E+000
  0.000000000000000E+000
  0.000000000000000E+000
  0.000000000000000E+000
  0.000000000000000E+000
  0.000000000000000E+000
   4.00000000000000     
   4.00000000000000     
   4.00000000000000     
   4.00000000000000     
   4.00000000000000     
   4.00000000000000     
   4.00000000000000     
  0.000000000000000E+000
  0.000000000000000E+000
  0.000000000000000E+000
  0.000000000000000E+000
  0.000000000000000E+000
  0.000000000000000E+000
  0.000000000000000E+000
  0.000000000000000E+000
  0.000000000000000E+000
  0.000000000000000E+000
  0.000000000000000E+000
  0.000000000000000E+000
  0.000000000000000E+000
  0.000000000000000E+000
   4.00000000000000     
   3.37282920361095     
   4.00000000000000     
   3.34757929159738     
   3.64413684898684     
   4.00000000000000     
   4.00000000000000     
   4.00000000000000     
  0.000000000000000E+000
  0.000000000000000E+000
  0.000000000000000E+000
  0.000000000000000E+000
  0.000000000000000E+000
  0.000000000000000E+000
  0.000000000000000E+000
  0.000000000000000E+000
  0.000000000000000E+000
  0.000000000000000E+000
  0.000000000000000E+000
  6.381050447085423E-004
   4.00000000000000     
   4.00000000000000     
   4.00000000000000     
   4.00000000000000     
   4.00000000000000     
   4.00000000000000     
   4.00000000000000     
   1.04476086026598     
  0.000000000000000E+000
  0.000000000000000E+000
  0.000000000000000E+000
  0.000000000000000E+000
  0.000000000000000E+000
  0.000000000000000E+000
  0.000000000000000E+000
  0.000000000000000E+000
  0.000000000000000E+000
  0.000000000000000E+000
  0.000000000000000E+000
  0.000000000000000E+000
   4.00000000000000     
   4.00000000000000     
   4.00000000000000     
   4.00000000000000     
   4.00000000000000     
   2.23669191075082     
   4.00000000000000     
   2.94803726344177     
  0.000000000000000E+000
  0.000000000000000E+000
   2.34487316468628     
   3.82556576855489     
  0.250642733246774     
  0.000000000000000E+000
  0.000000000000000E+000
  0.000000000000000E+000
  0.000000000000000E+000
  0.000000000000000E+000
  0.000000000000000E+000
  0.000000000000000E+000
  0.000000000000000E+000
   2.52594664579800     
   3.94508373183152     
   4.00000000000000     
   3.78157954042760     
   3.73122694828892     
   4.00000000000000     
   3.24895197128555     
   3.63827835550913     
   1.99198206912514     
   4.00000000000000     
  0.615980885097992     
  0.000000000000000E+000
  0.000000000000000E+000
  0.000000000000000E+000
  0.166969395453248     
  0.000000000000000E+000
  0.000000000000000E+000
  0.000000000000000E+000
  0.000000000000000E+000
  0.000000000000000E+000
  0.000000000000000E+000
   3.55360038479270     
   4.00000000000000     
   4.00000000000000     
   2.82528704638865     
   4.00000000000000     
   4.00000000000000     
   4.00000000000000     
  0.832582341591371     
  0.000000000000000E+000
  0.000000000000000E+000
  0.000000000000000E+000
  0.000000000000000E+000
  0.000000000000000E+000
  0.000000000000000E+000
  0.000000000000000E+000
  0.000000000000000E+000
  0.000000000000000E+000
  0.000000000000000E+000
  0.000000000000000E+000
  0.000000000000000E+000
  0.000000000000000E+000
   3.97639971821252     
   4.00000000000000     
   4.00000000000000     
   4.00000000000000     
   4.00000000000000     
   4.00000000000000     
   4.00000000000000     
   1.60926808845091     
  0.000000000000000E+000
  0.000000000000000E+000
  0.896595525647121     
  0.000000000000000E+000
  0.000000000000000E+000
  0.000000000000000E+000
  0.000000000000000E+000
  0.000000000000000E+000
  0.000000000000000E+000
  0.000000000000000E+000
  0.000000000000000E+000
  0.000000000000000E+000
  0.000000000000000E+000
   4.00000000000000     
   4.00000000000000     
   4.00000000000000     
   4.00000000000000     
   3.55806029276407     
   4.00000000000000     
   4.00000000000000     
  0.000000000000000E+000
  0.000000000000000E+000
   1.37533227657019     
  0.000000000000000E+000
  0.000000000000000E+000
  0.000000000000000E+000
  0.000000000000000E+000
  0.000000000000000E+000
  0.000000000000000E+000
  0.000000000000000E+000
  0.000000000000000E+000
  0.000000000000000E+000
  0.000000000000000E+000
  0.000000000000000E+000
   4.00000000000000     
   4.00000000000000     
   4.00000000000000     
   4.00000000000000     
   4.00000000000000     
   4.00000000000000     
   4.00000000000000     
  0.000000000000000E+000
  0.000000000000000E+000
  0.000000000000000E+000
  0.000000000000000E+000
  0.000000000000000E+000
  0.000000000000000E+000
  0.000000000000000E+000
  0.000000000000000E+000
  0.000000000000000E+000
   1.56556983054409     
  0.000000000000000E+000
  0.000000000000000E+000
  0.000000000000000E+000
  0.000000000000000E+000
  0.000000000000000E+000
   4.00000000000000     
   4.00000000000000     
   4.00000000000000     
   4.00000000000000     
   3.83258292808239     
   3.85741509973492     
  0.000000000000000E+000
  0.000000000000000E+000
  0.000000000000000E+000
  0.818307263365290     
  0.000000000000000E+000
  0.000000000000000E+000
  0.000000000000000E+000
   1.22542997160865     
   4.00000000000000     
   4.00000000000000     
  0.000000000000000E+000
  0.000000000000000E+000
  0.000000000000000E+000
  0.000000000000000E+000
  0.000000000000000E+000
  0.000000000000000E+000
   4.00000000000000     
   4.00000000000000     
   4.00000000000000     
   4.00000000000000     
   4.00000000000000     
   3.51410945478400     
   1.60241806030865     
  0.000000000000000E+000
  0.000000000000000E+000
  0.000000000000000E+000
  0.000000000000000E+000
  0.000000000000000E+000
   4.00000000000000     
   4.00000000000000     
   4.00000000000000     
  0.000000000000000E+000
  0.000000000000000E+000
  0.000000000000000E+000
  0.000000000000000E+000
  0.000000000000000E+000
  0.000000000000000E+000
  0.000000000000000E+000
   4.00000000000000     
   4.00000000000000     
   4.00000000000000     
   4.00000000000000     
   4.00000000000000     
   4.00000000000000     
  0.146595180904354     
  0.000000000000000E+000
  0.000000000000000E+000
  0.000000000000000E+000
  0.823459206211210     
   3.37992560573922     
   4.00000000000000     
   4.00000000000000     
  0.000000000000000E+000
  0.000000000000000E+000
  0.000000000000000E+000
  0.000000000000000E+000
  0.000000000000000E+000
  0.000000000000000E+000
  0.000000000000000E+000
  0.000000000000000E+000
  0.000000000000000E+000
   4.00000000000000     
   4.00000000000000     
   4.00000000000000     
   4.00000000000000     
   4.00000000000000     
   2.72610439772519     
  0.000000000000000E+000
  0.000000000000000E+000
   4.00000000000000     
   4.00000000000000     
   4.00000000000000     
   4.00000000000000     
   3.82959061868232     
  0.000000000000000E+000
  7.420023530463449E-003
  0.000000000000000E+000
  0.000000000000000E+000
  0.000000000000000E+000
  0.161011106774143     
  0.000000000000000E+000
  0.000000000000000E+000
  0.000000000000000E+000
   4.00000000000000     
   4.00000000000000     
   4.00000000000000     
   4.00000000000000     
   4.00000000000000     
   2.96048690569348     
   1.26131080158789     
   2.64707691013248     
   4.00000000000000     
   4.00000000000000     
   3.41809291608526     
   4.00000000000000     
  8.694155362702355E-002
  0.000000000000000E+000
  0.000000000000000E+000
  0.000000000000000E+000
  0.000000000000000E+000
  0.000000000000000E+000
  0.000000000000000E+000
  0.000000000000000E+000
  0.000000000000000E+000
  0.000000000000000E+000
  0.000000000000000E+000
   4.00000000000000     
   4.00000000000000     
   4.00000000000000     
   4.00000000000000     
   4.00000000000000     
   4.00000000000000     
   4.00000000000000     
   3.54030524213779     
   2.94420136698729     
   3.99006556578266     
   3.71938300021954     
   4.00000000000000     
  0.000000000000000E+000
  0.000000000000000E+000
  0.000000000000000E+000
  0.000000000000000E+000
  0.000000000000000E+000
  0.000000000000000E+000
  0.000000000000000E+000
  0.000000000000000E+000
  0.000000000000000E+000
  0.000000000000000E+000
  0.000000000000000E+000
  0.000000000000000E+000
   4.00000000000000     
   4.00000000000000     
   4.00000000000000     
   4.00000000000000     
   4.00000000000000     
   4.00000000000000     
   4.00000000000000     
   3.47767533295727     
   4.00000000000000     
   4.00000000000000     
   1.96694387336720     
  0.000000000000000E+000
  0.000000000000000E+000
  0.000000000000000E+000
  0.000000000000000E+000
  0.000000000000000E+000
  0.000000000000000E+000
  0.000000000000000E+000
  0.000000000000000E+000
  0.000000000000000E+000
  0.000000000000000E+000
  0.000000000000000E+000
  0.000000000000000E+000
  0.000000000000000E+000
   4.00000000000000     
   4.00000000000000     
   4.00000000000000     
   4.00000000000000     
   4.00000000000000     
   4.00000000000000     
   3.37675322038866     
   4.00000000000000     
   4.00000000000000     
   4.00000000000000     
   4.00000000000000     
   4.00000000000000     
   1.42269414635647     
   2.01509167740927     
  0.000000000000000E+000
  0.000000000000000E+000
  0.000000000000000E+000
  0.000000000000000E+000
  0.572941714035129     
  0.000000000000000E+000
  0.000000000000000E+000
  0.000000000000000E+000
  0.000000000000000E+000
  9.590764603637560E-002
  0.000000000000000E+000
   4.00000000000000     
   4.00000000000000     
   4.00000000000000     
   4.00000000000000     
   4.00000000000000     
   4.00000000000000     
   4.00000000000000     
   3.36484008234905     
   4.00000000000000     
   4.00000000000000     
   4.00000000000000     
   4.00000000000000     
  0.000000000000000E+000
  0.147585568099161     
  0.000000000000000E+000
  0.000000000000000E+000
  0.000000000000000E+000
  0.000000000000000E+000
  0.000000000000000E+000
  0.000000000000000E+000
  0.000000000000000E+000
  0.000000000000000E+000
  0.000000000000000E+000
  0.000000000000000E+000
  0.000000000000000E+000
   4.00000000000000     
   4.00000000000000     
   4.00000000000000     
   4.00000000000000     
   4.00000000000000     
   4.00000000000000     
   4.00000000000000     
   4.00000000000000     
   4.00000000000000     
   4.00000000000000     
   4.00000000000000     
   1.08174870290251     
  0.155696056622469     
  0.000000000000000E+000
  0.000000000000000E+000
  0.000000000000000E+000
  0.000000000000000E+000
  0.000000000000000E+000
  0.000000000000000E+000
  0.000000000000000E+000
  0.000000000000000E+000
  0.000000000000000E+000
  0.000000000000000E+000
  0.000000000000000E+000
  0.000000000000000E+000
  0.000000000000000E+000
  0.000000000000000E+000
   4.00000000000000     
   4.00000000000000     
   4.00000000000000     
   4.00000000000000     
   4.00000000000000     
   4.00000000000000     
   4.00000000000000     
   4.00000000000000     
   4.00000000000000     
   4.00000000000000     
   4.00000000000000     
   3.35687229979056     
   2.66199825910681     
  0.000000000000000E+000
  0.000000000000000E+000
  0.000000000000000E+000
  0.000000000000000E+000
  0.000000000000000E+000
  0.000000000000000E+000
  0.000000000000000E+000
  0.502047483808258     
  0.000000000000000E+000
  0.000000000000000E+000
  0.000000000000000E+000
  0.000000000000000E+000
  0.000000000000000E+000
  0.000000000000000E+000
   4.00000000000000     
   4.00000000000000     
   4.00000000000000     
   4.00000000000000     
   4.00000000000000     
   4.00000000000000     
   4.00000000000000     
   4.00000000000000     
   4.00000000000000     
   4.00000000000000     
   4.00000000000000     
   3.77925587927930     
   4.00000000000000     
   4.00000000000000     
  0.000000000000000E+000
  0.000000000000000E+000
  0.000000000000000E+000
  0.000000000000000E+000
  0.000000000000000E+000
  0.000000000000000E+000
  0.000000000000000E+000
  0.000000000000000E+000
  0.000000000000000E+000
  0.000000000000000E+000
  0.000000000000000E+000
  0.000000000000000E+000
  0.000000000000000E+000
  0.000000000000000E+000
   4.00000000000000     
   4.00000000000000     
   4.00000000000000     
   4.00000000000000     
   4.00000000000000     
   4.00000000000000     
   4.00000000000000     
   4.00000000000000     
   4.00000000000000     
   4.00000000000000     
   4.00000000000000     
   4.00000000000000     
   4.00000000000000     
   2.69105357737967     
  0.000000000000000E+000
  0.000000000000000E+000
  0.000000000000000E+000
  0.000000000000000E+000
  0.000000000000000E+000
  0.000000000000000E+000
  0.000000000000000E+000
  0.000000000000000E+000
  0.000000000000000E+000
  0.000000000000000E+000
  0.000000000000000E+000
  0.000000000000000E+000
  0.000000000000000E+000
  0.000000000000000E+000
  0.000000000000000E+000
  0.000000000000000E+000
   4.00000000000000     
   4.00000000000000     
   4.00000000000000     
   4.00000000000000     
   4.00000000000000     
   4.00000000000000     
   4.00000000000000     
   4.00000000000000     
   4.00000000000000     
   4.00000000000000     
   4.00000000000000     
   4.00000000000000     
   4.00000000000000     
  0.000000000000000E+000
  0.000000000000000E+000
   4.00000000000000     
  0.000000000000000E+000
  0.000000000000000E+000
  0.000000000000000E+000
  0.000000000000000E+000
  0.000000000000000E+000
  0.000000000000000E+000
  0.000000000000000E+000
  0.000000000000000E+000
  0.000000000000000E+000
  0.000000000000000E+000
  0.000000000000000E+000
  0.000000000000000E+000
  0.000000000000000E+000
  0.000000000000000E+000
  0.000000000000000E+000
  0.000000000000000E+000
   2.96561085956990     
   4.00000000000000     
   4.00000000000000     
   4.00000000000000     
   3.56697344512852     
   3.58717409224898     
   4.00000000000000     
   4.00000000000000     
   4.00000000000000     
   4.00000000000000     
   3.80802738964518     
   4.00000000000000     
   4.00000000000000     
   4.00000000000000     
   4.00000000000000     
   4.00000000000000     
   4.00000000000000     
   4.00000000000000     
   4.00000000000000     
  0.000000000000000E+000
  0.000000000000000E+000
  0.000000000000000E+000
  0.000000000000000E+000
  0.000000000000000E+000
  0.000000000000000E+000
  0.000000000000000E+000
  0.000000000000000E+000
  0.000000000000000E+000
  9.919096982674130E-002
  0.000000000000000E+000
  0.000000000000000E+000
  0.000000000000000E+000
  0.000000000000000E+000
  0.000000000000000E+000
  0.000000000000000E+000
   1.93651081763173     
  0.000000000000000E+000
   2.49105501219293     
   3.71800432417698     
   4.00000000000000     
   4.00000000000000     
   3.74626517813244     
   4.00000000000000     
   4.00000000000000     
   3.31511139839668     
   4.00000000000000     
   4.00000000000000     
   4.00000000000000     
   4.00000000000000     
   3.62720655363004     
   4.00000000000000     
   4.00000000000000     
   4.00000000000000     
   3.39003275423249     
  0.000000000000000E+000
  0.000000000000000E+000
  0.000000000000000E+000
  0.000000000000000E+000
  0.000000000000000E+000
  0.000000000000000E+000
  0.000000000000000E+000
  0.000000000000000E+000
  0.000000000000000E+000
  0.000000000000000E+000
  0.000000000000000E+000
  0.000000000000000E+000
  0.000000000000000E+000
  0.000000000000000E+000
  0.000000000000000E+000
  0.000000000000000E+000
  0.000000000000000E+000
  0.000000000000000E+000
  0.000000000000000E+000
  0.000000000000000E+000
  0.000000000000000E+000
   2.62085979021863     
   2.15000586935620     
   4.00000000000000     
   4.00000000000000     
   3.29425261192540     
   3.86745377110952     
   3.93232372314184     
   4.00000000000000     
   4.00000000000000     
   4.00000000000000     
   4.00000000000000     
   4.00000000000000     
   4.00000000000000     
   4.00000000000000     
   4.00000000000000     
  0.000000000000000E+000
  0.000000000000000E+000
  0.000000000000000E+000
  0.000000000000000E+000
  0.000000000000000E+000
  0.000000000000000E+000
  0.000000000000000E+000
  0.000000000000000E+000
  0.000000000000000E+000
  0.000000000000000E+000
  0.000000000000000E+000
  0.000000000000000E+000
  0.000000000000000E+000
  0.000000000000000E+000
  0.000000000000000E+000
  0.000000000000000E+000
  0.000000000000000E+000
  0.000000000000000E+000
  0.000000000000000E+000
  0.000000000000000E+000
  0.000000000000000E+000
  0.000000000000000E+000
  0.000000000000000E+000
  0.000000000000000E+000
  0.000000000000000E+000
  0.469508933067528     
   4.00000000000000     
  0.558099519819366     
   2.15815292223042     
   4.00000000000000     
   3.46996945074905     
   3.75014707017248     
   4.00000000000000     
   4.00000000000000     
   4.00000000000000     
   4.00000000000000     
   4.00000000000000     
  0.000000000000000E+000
  0.000000000000000E+000
  0.853852276471141     
   4.00000000000000     
   2.59750358638575     
  0.000000000000000E+000
  0.000000000000000E+000
  0.000000000000000E+000
  0.000000000000000E+000
  0.000000000000000E+000
  0.000000000000000E+000
  0.000000000000000E+000
  0.000000000000000E+000
  0.000000000000000E+000
  0.000000000000000E+000
  0.000000000000000E+000
  0.000000000000000E+000
  0.000000000000000E+000
  0.000000000000000E+000
  0.000000000000000E+000
  0.000000000000000E+000
  0.000000000000000E+000
  0.000000000000000E+000
  0.000000000000000E+000
  0.000000000000000E+000
   1.46359119026268     
  0.522608014156416     
  0.000000000000000E+000
   4.00000000000000     
   4.00000000000000     
   3.16852485207780     
   3.94744919685596     
   3.13859305249936     
   4.00000000000000     
   4.00000000000000     
   3.89612374405692     
   2.62341261114896     
   4.00000000000000     
   4.00000000000000     
   4.00000000000000     
   1.65548453458564     
  0.000000000000000E+000
  0.000000000000000E+000
  0.000000000000000E+000
   2.07390864116629     
   3.92525423724750     
   4.00000000000000     
   4.00000000000000     
  3.067359496509128E-002
  0.000000000000000E+000
  0.000000000000000E+000
  0.000000000000000E+000
  0.000000000000000E+000
  0.000000000000000E+000
  0.000000000000000E+000
  0.000000000000000E+000
  0.000000000000000E+000
  0.000000000000000E+000
  0.000000000000000E+000
  0.000000000000000E+000
  0.000000000000000E+000
  0.000000000000000E+000
  0.000000000000000E+000
  0.000000000000000E+000
  0.000000000000000E+000
  0.000000000000000E+000
  0.000000000000000E+000
  0.000000000000000E+000
  0.000000000000000E+000
  0.000000000000000E+000
  0.000000000000000E+000
  0.000000000000000E+000
  0.000000000000000E+000
  0.000000000000000E+000
  0.000000000000000E+000
  0.000000000000000E+000
  0.000000000000000E+000
  0.000000000000000E+000
  0.000000000000000E+000
  0.000000000000000E+000
  0.000000000000000E+000
  0.000000000000000E+000
  0.000000000000000E+000
  0.000000000000000E+000
  0.000000000000000E+000
  0.000000000000000E+000
  0.000000000000000E+000
  0.000000000000000E+000
  0.000000000000000E+000
  0.000000000000000E+000
  0.000000000000000E+000
  0.000000000000000E+000
  0.000000000000000E+000
  0.000000000000000E+000
  0.000000000000000E+000
  0.000000000000000E+000
  4.806743871377900E-002
  0.000000000000000E+000
  0.000000000000000E+000
  0.000000000000000E+000
  0.000000000000000E+000
   1.21429024522972     
  0.128403474296792     
  0.000000000000000E+000
  0.000000000000000E+000
  0.000000000000000E+000
  0.000000000000000E+000
  0.000000000000000E+000
  0.000000000000000E+000
  0.000000000000000E+000
   4.00000000000000     
  0.000000000000000E+000
  0.000000000000000E+000
  0.000000000000000E+000
  0.000000000000000E+000
  0.000000000000000E+000
  0.000000000000000E+000
  0.000000000000000E+000
  0.000000000000000E+000
  0.000000000000000E+000
  0.000000000000000E+000
  0.000000000000000E+000
  0.000000000000000E+000
  0.000000000000000E+000
  0.000000000000000E+000
  0.000000000000000E+000
  0.000000000000000E+000
  0.000000000000000E+000
  0.000000000000000E+000
  0.000000000000000E+000
  0.000000000000000E+000
  0.407889633793775     
  0.000000000000000E+000
  0.000000000000000E+000
  0.000000000000000E+000
  0.000000000000000E+000
  0.000000000000000E+000
  0.000000000000000E+000
  0.000000000000000E+000
  0.000000000000000E+000
  1.982836215891209E-002
  0.000000000000000E+000
  0.000000000000000E+000
  0.000000000000000E+000
  0.000000000000000E+000
  0.000000000000000E+000
  0.000000000000000E+000
  0.000000000000000E+000
  0.000000000000000E+000
  0.000000000000000E+000
  0.000000000000000E+000
  0.000000000000000E+000
  0.000000000000000E+000
  0.000000000000000E+000
  0.125163475997124     
  0.000000000000000E+000
  0.000000000000000E+000
  0.000000000000000E+000
  0.000000000000000E+000
  0.000000000000000E+000
  0.160197808036725     
  0.000000000000000E+000
  0.000000000000000E+000
  0.000000000000000E+000
  0.000000000000000E+000
  0.000000000000000E+000
  0.350029091240426     
  0.000000000000000E+000
  0.000000000000000E+000
  0.000000000000000E+000
  0.000000000000000E+000
  0.000000000000000E+000
  0.000000000000000E+000
  0.000000000000000E+000
  0.000000000000000E+000
  0.000000000000000E+000
  0.000000000000000E+000
  0.000000000000000E+000
  0.000000000000000E+000
  0.000000000000000E+000
  0.000000000000000E+000
  0.000000000000000E+000
  2.415568468008278E-004
  0.000000000000000E+000
  0.000000000000000E+000
  0.000000000000000E+000
  0.000000000000000E+000
  0.000000000000000E+000
  0.000000000000000E+000
  0.000000000000000E+000
  0.000000000000000E+000
  0.000000000000000E+000
  0.000000000000000E+000
  0.000000000000000E+000
  0.000000000000000E+000
  0.000000000000000E+000
  0.000000000000000E+000
  0.000000000000000E+000
  0.000000000000000E+000
  0.000000000000000E+000
  0.000000000000000E+000
  0.000000000000000E+000
  0.000000000000000E+000
  0.000000000000000E+000
  0.000000000000000E+000
  0.000000000000000E+000
  0.000000000000000E+000
  0.000000000000000E+000
  0.000000000000000E+000
  0.000000000000000E+000
  0.000000000000000E+000
  0.000000000000000E+000
  0.000000000000000E+000
  0.000000000000000E+000
  0.000000000000000E+000
  0.000000000000000E+000
  0.000000000000000E+000
  0.000000000000000E+000
  0.000000000000000E+000
  0.000000000000000E+000
  0.000000000000000E+000
  0.000000000000000E+000
  0.000000000000000E+000
  0.000000000000000E+000
  0.000000000000000E+000
  0.000000000000000E+000
  0.000000000000000E+000
  0.000000000000000E+000
  0.000000000000000E+000
  0.000000000000000E+000
  0.000000000000000E+000
  0.000000000000000E+000
  0.000000000000000E+000
  0.000000000000000E+000
  0.000000000000000E+000
  0.000000000000000E+000
  0.000000000000000E+000
  0.000000000000000E+000
  0.000000000000000E+000
  0.000000000000000E+000
  0.000000000000000E+000
  0.000000000000000E+000
  0.000000000000000E+000
  0.507643901636166     
  0.000000000000000E+000
  0.000000000000000E+000
  0.000000000000000E+000
  0.000000000000000E+000
  0.000000000000000E+000
  0.000000000000000E+000
  0.000000000000000E+000
  0.000000000000000E+000
  0.000000000000000E+000
  0.000000000000000E+000
  0.000000000000000E+000
  0.000000000000000E+000
  0.000000000000000E+000
  0.000000000000000E+000
  0.000000000000000E+000
  0.000000000000000E+000
  0.000000000000000E+000
  0.000000000000000E+000
  0.000000000000000E+000
  0.000000000000000E+000
  0.000000000000000E+000
  0.000000000000000E+000
  0.000000000000000E+000
  0.000000000000000E+000
  0.000000000000000E+000
  0.000000000000000E+000
  0.000000000000000E+000
  0.000000000000000E+000
  0.000000000000000E+000
  0.000000000000000E+000
  0.000000000000000E+000
  0.000000000000000E+000
  0.000000000000000E+000
  0.000000000000000E+000
  0.000000000000000E+000
  0.000000000000000E+000
  0.000000000000000E+000
  0.000000000000000E+000
  0.000000000000000E+000
  0.000000000000000E+000
  0.000000000000000E+000
  0.000000000000000E+000
  0.000000000000000E+000
  0.000000000000000E+000
  0.000000000000000E+000
  0.000000000000000E+000
  0.000000000000000E+000
  0.000000000000000E+000
  0.000000000000000E+000
  0.000000000000000E+000
  0.000000000000000E+000
  0.000000000000000E+000
  0.000000000000000E+000
  0.000000000000000E+000
  0.000000000000000E+000
  0.000000000000000E+000
  0.000000000000000E+000
  0.000000000000000E+000
  0.000000000000000E+000
  0.000000000000000E+000
  0.000000000000000E+000
  0.000000000000000E+000
  0.000000000000000E+000
  0.000000000000000E+000
  0.000000000000000E+000
  0.000000000000000E+000
  0.000000000000000E+000
  0.000000000000000E+000
  0.000000000000000E+000
  0.000000000000000E+000
  0.000000000000000E+000
  0.000000000000000E+000
  0.000000000000000E+000
  0.000000000000000E+000
  0.000000000000000E+000
  0.000000000000000E+000
  0.000000000000000E+000
  0.000000000000000E+000
  0.000000000000000E+000
  0.000000000000000E+000
  0.000000000000000E+000
  0.000000000000000E+000
  0.000000000000000E+000
  5.496622718886252E-002
  0.000000000000000E+000
  0.000000000000000E+000
  0.000000000000000E+000
  0.000000000000000E+000
  0.000000000000000E+000
  0.000000000000000E+000
  0.000000000000000E+000
  0.000000000000000E+000
  0.000000000000000E+000
  0.000000000000000E+000
  0.000000000000000E+000
  0.000000000000000E+000
  0.000000000000000E+000
  0.000000000000000E+000
  0.000000000000000E+000
  0.000000000000000E+000
  0.000000000000000E+000
  0.000000000000000E+000
  0.000000000000000E+000
  0.000000000000000E+000
  0.000000000000000E+000
  0.000000000000000E+000
  0.000000000000000E+000
  0.000000000000000E+000
  0.000000000000000E+000
  0.000000000000000E+000
  0.000000000000000E+000
  0.000000000000000E+000
  0.000000000000000E+000
  0.000000000000000E+000
  0.000000000000000E+000
  0.000000000000000E+000
  0.000000000000000E+000
  0.000000000000000E+000
  0.000000000000000E+000
  0.000000000000000E+000
  0.000000000000000E+000
  0.000000000000000E+000
  0.000000000000000E+000
  0.000000000000000E+000
  0.000000000000000E+000
  0.804112034620467     
  0.000000000000000E+000
  0.000000000000000E+000
  0.253704079501044     
  0.000000000000000E+000
  0.000000000000000E+000
  0.000000000000000E+000
  0.000000000000000E+000
  0.000000000000000E+000
  0.000000000000000E+000
  0.000000000000000E+000
  0.000000000000000E+000
  0.000000000000000E+000
  0.000000000000000E+000
  0.000000000000000E+000
  0.000000000000000E+000
  0.000000000000000E+000
  0.000000000000000E+000
  0.000000000000000E+000
  0.000000000000000E+000
  0.000000000000000E+000
  0.000000000000000E+000
  0.000000000000000E+000
  0.000000000000000E+000
  0.000000000000000E+000
  0.000000000000000E+000
  0.000000000000000E+000
  0.000000000000000E+000
  0.000000000000000E+000
  0.000000000000000E+000
  0.000000000000000E+000
  0.000000000000000E+000
  0.000000000000000E+000
  0.000000000000000E+000
  0.000000000000000E+000
  0.000000000000000E+000
  0.000000000000000E+000
  0.000000000000000E+000
  0.000000000000000E+000
  0.000000000000000E+000
  0.000000000000000E+000
  0.294704594229153     
  0.000000000000000E+000
  0.000000000000000E+000
  0.000000000000000E+000
  0.000000000000000E+000
  0.000000000000000E+000
  0.000000000000000E+000
  0.000000000000000E+000
  0.000000000000000E+000
  0.000000000000000E+000
  0.000000000000000E+000
  0.000000000000000E+000
  0.000000000000000E+000
  0.000000000000000E+000
  0.000000000000000E+000
  0.000000000000000E+000
  0.000000000000000E+000
  0.000000000000000E+000
  0.000000000000000E+000
  0.000000000000000E+000
  0.000000000000000E+000
  0.000000000000000E+000
  0.000000000000000E+000
  0.000000000000000E+000
  0.000000000000000E+000
  0.000000000000000E+000
  0.000000000000000E+000
  0.000000000000000E+000
  0.000000000000000E+000
  0.000000000000000E+000
  0.000000000000000E+000
  0.000000000000000E+000
  0.000000000000000E+000
  0.000000000000000E+000
  0.000000000000000E+000
  0.000000000000000E+000
  0.000000000000000E+000
  0.000000000000000E+000
  0.000000000000000E+000
  0.000000000000000E+000
  0.000000000000000E+000
  0.000000000000000E+000
  0.000000000000000E+000
  0.000000000000000E+000
  0.000000000000000E+000
  0.000000000000000E+000
  0.000000000000000E+000
  0.000000000000000E+000
  0.000000000000000E+000
  0.000000000000000E+000
  0.000000000000000E+000
  0.000000000000000E+000
  0.000000000000000E+000
  0.000000000000000E+000
  0.000000000000000E+000
  0.000000000000000E+000
  0.000000000000000E+000
  0.000000000000000E+000
