parameter:
size=200x150
design_area=r50
ins=r30
sampling=100 
**height range=0.0d0~3.0d0(pre 0.0d0~1.0d)


 best result is in generation         456 sampling=           5
 best value of Objective function is  9.077700398043974E-003
 best design variables
   3.00000000000000     
   3.00000000000000     
   3.00000000000000     
   2.72722080422468     
   3.00000000000000     
   3.00000000000000     
   2.62802883896530     
   3.00000000000000     
   2.45423216605452     
   3.00000000000000     
  5.537612480826953E-002
   1.23503704466449     
  0.000000000000000E+000
  0.000000000000000E+000
  0.000000000000000E+000
  0.000000000000000E+000
  0.000000000000000E+000
  0.000000000000000E+000
  0.000000000000000E+000
  0.000000000000000E+000
   3.00000000000000     
   3.00000000000000     
   3.00000000000000     
   3.00000000000000     
   3.00000000000000     
   3.00000000000000     
   3.00000000000000     
   2.91099960514882     
   2.34307546418327     
   1.51034674728418     
  0.206713321631953     
  0.000000000000000E+000
  0.000000000000000E+000
  0.000000000000000E+000
  0.000000000000000E+000
  0.000000000000000E+000
  0.000000000000000E+000
  0.000000000000000E+000
  0.000000000000000E+000
  0.000000000000000E+000
   3.00000000000000     
   2.89645325608141     
   3.00000000000000     
   3.00000000000000     
   3.00000000000000     
   3.00000000000000     
   3.00000000000000     
   2.94123218251361     
   2.40521396895489     
  0.182304488244638     
   1.49825032995603     
  0.000000000000000E+000
  0.000000000000000E+000
  0.000000000000000E+000
  0.000000000000000E+000
  0.000000000000000E+000
  0.000000000000000E+000
  0.000000000000000E+000
  0.000000000000000E+000
  0.000000000000000E+000
   3.00000000000000     
   3.00000000000000     
   3.00000000000000     
   3.00000000000000     
   3.00000000000000     
   3.00000000000000     
   3.00000000000000     
   3.00000000000000     
   3.00000000000000     
   2.58823353142835     
   2.70384926480389     
  0.000000000000000E+000
  0.000000000000000E+000
  0.000000000000000E+000
  0.000000000000000E+000
  0.000000000000000E+000
  0.000000000000000E+000
  0.000000000000000E+000
  0.000000000000000E+000
  0.000000000000000E+000
   3.00000000000000     
   3.00000000000000     
   3.00000000000000     
   3.00000000000000     
   3.00000000000000     
   3.00000000000000     
   3.00000000000000     
   3.00000000000000     
   2.77871465021933     
   2.96425419750427     
  0.000000000000000E+000
  0.000000000000000E+000
  0.000000000000000E+000
  0.000000000000000E+000
  0.000000000000000E+000
  0.000000000000000E+000
  0.000000000000000E+000
  0.000000000000000E+000
  0.000000000000000E+000
  0.000000000000000E+000
   3.00000000000000     
   3.00000000000000     
   3.00000000000000     
   3.00000000000000     
   3.00000000000000     
   3.00000000000000     
   3.00000000000000     
   3.00000000000000     
   3.00000000000000     
   2.42945941723880     
   2.78982497186892     
   2.44738323147444     
  0.000000000000000E+000
  0.000000000000000E+000
  0.000000000000000E+000
  0.000000000000000E+000
  0.000000000000000E+000
  0.000000000000000E+000
  0.000000000000000E+000
  0.000000000000000E+000
  0.000000000000000E+000
   3.00000000000000     
   3.00000000000000     
   3.00000000000000     
   3.00000000000000     
   3.00000000000000     
   3.00000000000000     
   3.00000000000000     
   3.00000000000000     
   3.00000000000000     
   3.00000000000000     
  0.000000000000000E+000
  0.000000000000000E+000
  0.000000000000000E+000
  0.000000000000000E+000
  0.000000000000000E+000
  0.000000000000000E+000
  0.000000000000000E+000
  0.000000000000000E+000
  0.000000000000000E+000
  0.000000000000000E+000
  0.000000000000000E+000
   3.00000000000000     
   3.00000000000000     
   3.00000000000000     
   3.00000000000000     
   3.00000000000000     
   3.00000000000000     
   3.00000000000000     
   3.00000000000000     
  0.305463898427498     
  0.326027538306561     
  0.431472184504766     
  0.000000000000000E+000
  0.000000000000000E+000
  0.000000000000000E+000
  0.000000000000000E+000
  0.000000000000000E+000
  0.000000000000000E+000
  0.000000000000000E+000
  0.000000000000000E+000
  0.000000000000000E+000
   3.00000000000000     
   3.00000000000000     
   3.00000000000000     
   3.00000000000000     
   3.00000000000000     
   3.00000000000000     
   3.00000000000000     
   3.00000000000000     
   2.13490942090232     
   3.00000000000000     
   3.00000000000000     
   2.99824651890358     
  0.000000000000000E+000
  0.000000000000000E+000
  0.000000000000000E+000
  0.000000000000000E+000
  0.000000000000000E+000
  0.000000000000000E+000
  0.000000000000000E+000
  0.000000000000000E+000
   3.00000000000000     
   3.00000000000000     
   3.00000000000000     
   3.00000000000000     
   3.00000000000000     
   3.00000000000000     
   3.00000000000000     
   3.00000000000000     
   3.00000000000000     
   3.00000000000000     
   2.87626281416803     
   3.00000000000000     
  0.000000000000000E+000
  0.000000000000000E+000
  0.000000000000000E+000
  0.000000000000000E+000
  0.000000000000000E+000
  3.992132347031768E-002
  0.000000000000000E+000
  0.000000000000000E+000
  0.000000000000000E+000
   3.00000000000000     
   3.00000000000000     
   3.00000000000000     
   3.00000000000000     
   3.00000000000000     
   3.00000000000000     
   3.00000000000000     
   2.95353773070062     
   3.00000000000000     
   3.00000000000000     
   3.00000000000000     
  0.000000000000000E+000
  0.000000000000000E+000
  0.000000000000000E+000
  0.000000000000000E+000
  0.000000000000000E+000
  0.000000000000000E+000
  0.000000000000000E+000
  0.000000000000000E+000
  0.000000000000000E+000
  0.000000000000000E+000
   3.00000000000000     
   3.00000000000000     
   3.00000000000000     
   3.00000000000000     
   3.00000000000000     
   3.00000000000000     
   3.00000000000000     
   3.00000000000000     
   3.00000000000000     
   3.00000000000000     
  5.741316433463182E-002
  0.000000000000000E+000
  0.000000000000000E+000
  0.000000000000000E+000
  0.000000000000000E+000
  0.000000000000000E+000
  0.000000000000000E+000
  0.000000000000000E+000
  0.000000000000000E+000
  0.000000000000000E+000
  0.000000000000000E+000
   3.00000000000000     
   3.00000000000000     
   3.00000000000000     
   3.00000000000000     
   3.00000000000000     
   3.00000000000000     
   3.00000000000000     
   3.00000000000000     
   3.00000000000000     
   3.00000000000000     
   1.25679827570087     
  0.000000000000000E+000
  0.000000000000000E+000
  0.000000000000000E+000
  0.000000000000000E+000
  0.000000000000000E+000
  0.000000000000000E+000
  0.000000000000000E+000
  0.000000000000000E+000
  0.000000000000000E+000
  0.000000000000000E+000
   3.00000000000000     
   3.00000000000000     
   3.00000000000000     
   3.00000000000000     
   3.00000000000000     
   3.00000000000000     
   3.00000000000000     
   3.00000000000000     
   3.00000000000000     
   3.00000000000000     
  0.000000000000000E+000
  0.000000000000000E+000
  0.000000000000000E+000
  0.000000000000000E+000
  0.000000000000000E+000
  0.000000000000000E+000
  0.205335701850422     
  0.197968879695833     
  0.000000000000000E+000
  0.000000000000000E+000
  0.000000000000000E+000
   3.00000000000000     
   3.00000000000000     
   3.00000000000000     
   3.00000000000000     
   3.00000000000000     
   3.00000000000000     
   3.00000000000000     
   3.00000000000000     
   3.00000000000000     
   3.00000000000000     
  0.000000000000000E+000
  0.000000000000000E+000
  0.000000000000000E+000
  0.000000000000000E+000
  0.000000000000000E+000
  0.000000000000000E+000
  0.000000000000000E+000
  0.000000000000000E+000
  0.000000000000000E+000
  0.000000000000000E+000
  0.000000000000000E+000
  0.000000000000000E+000
   3.00000000000000     
   3.00000000000000     
   3.00000000000000     
   3.00000000000000     
   3.00000000000000     
   2.84766331067206     
   3.00000000000000     
   3.00000000000000     
   3.00000000000000     
  0.000000000000000E+000
  0.000000000000000E+000
  0.000000000000000E+000
  0.000000000000000E+000
  0.000000000000000E+000
  0.000000000000000E+000
   2.14751990634161     
  0.000000000000000E+000
  0.000000000000000E+000
  0.000000000000000E+000
  0.000000000000000E+000
  0.000000000000000E+000
  0.000000000000000E+000
   3.00000000000000     
   3.00000000000000     
   3.00000000000000     
   3.00000000000000     
   3.00000000000000     
   3.00000000000000     
   3.00000000000000     
   3.00000000000000     
   3.00000000000000     
  0.000000000000000E+000
  0.000000000000000E+000
  3.721453147229022E-002
   1.64529810928467     
   3.00000000000000     
   3.00000000000000     
   3.00000000000000     
  0.000000000000000E+000
  0.000000000000000E+000
  0.000000000000000E+000
  0.000000000000000E+000
  0.000000000000000E+000
  0.000000000000000E+000
   3.00000000000000     
   2.94610840410048     
   3.00000000000000     
   3.00000000000000     
   3.00000000000000     
   3.00000000000000     
   3.00000000000000     
   3.00000000000000     
   3.00000000000000     
  0.000000000000000E+000
  0.000000000000000E+000
   3.00000000000000     
   2.61279729112305     
   3.00000000000000     
   3.00000000000000     
  0.000000000000000E+000
  0.000000000000000E+000
  0.000000000000000E+000
  0.000000000000000E+000
  0.000000000000000E+000
  0.183882036665012     
  0.000000000000000E+000
  0.000000000000000E+000
   3.00000000000000     
   3.00000000000000     
   3.00000000000000     
   3.00000000000000     
   3.00000000000000     
   3.00000000000000     
   3.00000000000000     
   3.00000000000000     
   3.00000000000000     
   3.00000000000000     
   3.00000000000000     
   3.00000000000000     
   3.00000000000000     
  0.000000000000000E+000
  0.000000000000000E+000
  0.000000000000000E+000
  0.000000000000000E+000
  0.000000000000000E+000
  0.000000000000000E+000
  0.000000000000000E+000
  0.000000000000000E+000
  0.000000000000000E+000
   3.00000000000000     
   3.00000000000000     
   3.00000000000000     
   3.00000000000000     
   3.00000000000000     
   3.00000000000000     
   3.00000000000000     
   3.00000000000000     
   3.00000000000000     
   3.00000000000000     
   3.00000000000000     
   3.00000000000000     
   3.00000000000000     
  0.000000000000000E+000
  0.000000000000000E+000
  0.000000000000000E+000
  0.000000000000000E+000
  0.000000000000000E+000
  0.000000000000000E+000
  0.000000000000000E+000
  0.000000000000000E+000
  0.000000000000000E+000
  0.000000000000000E+000
   3.00000000000000     
   2.97290011458628     
   3.00000000000000     
   3.00000000000000     
   3.00000000000000     
   3.00000000000000     
   3.00000000000000     
   3.00000000000000     
   3.00000000000000     
   3.00000000000000     
   3.00000000000000     
   3.00000000000000     
   3.00000000000000     
  0.000000000000000E+000
  0.000000000000000E+000
  0.000000000000000E+000
   3.00000000000000     
  0.000000000000000E+000
  0.000000000000000E+000
  0.000000000000000E+000
  0.000000000000000E+000
  0.000000000000000E+000
  0.000000000000000E+000
  0.000000000000000E+000
   3.00000000000000     
   3.00000000000000     
   3.00000000000000     
   3.00000000000000     
   3.00000000000000     
   3.00000000000000     
   3.00000000000000     
   3.00000000000000     
   2.94397359011326     
   3.00000000000000     
   3.00000000000000     
   3.00000000000000     
   3.00000000000000     
  0.000000000000000E+000
  0.000000000000000E+000
  0.000000000000000E+000
  0.000000000000000E+000
  0.000000000000000E+000
  0.000000000000000E+000
  0.000000000000000E+000
  0.000000000000000E+000
  0.230630470460892     
  0.000000000000000E+000
  0.000000000000000E+000
   3.00000000000000     
   3.00000000000000     
   3.00000000000000     
   3.00000000000000     
   3.00000000000000     
   3.00000000000000     
   3.00000000000000     
   3.00000000000000     
   3.00000000000000     
   3.00000000000000     
   3.00000000000000     
   3.00000000000000     
   3.00000000000000     
  0.000000000000000E+000
  0.000000000000000E+000
  0.000000000000000E+000
  0.000000000000000E+000
  0.000000000000000E+000
  0.000000000000000E+000
  0.000000000000000E+000
  0.000000000000000E+000
  0.000000000000000E+000
  0.000000000000000E+000
  0.000000000000000E+000
  0.000000000000000E+000
   3.00000000000000     
   3.00000000000000     
   3.00000000000000     
   3.00000000000000     
   3.00000000000000     
   3.00000000000000     
   3.00000000000000     
   3.00000000000000     
   3.00000000000000     
   3.00000000000000     
   3.00000000000000     
   3.00000000000000     
   3.00000000000000     
  0.000000000000000E+000
  0.000000000000000E+000
  0.000000000000000E+000
  0.000000000000000E+000
  0.000000000000000E+000
  0.000000000000000E+000
  0.000000000000000E+000
  0.000000000000000E+000
  0.000000000000000E+000
  0.000000000000000E+000
  0.000000000000000E+000
  0.000000000000000E+000
   3.00000000000000     
   3.00000000000000     
   3.00000000000000     
   3.00000000000000     
   2.96979199643073     
   3.00000000000000     
   3.00000000000000     
   3.00000000000000     
   3.00000000000000     
   3.00000000000000     
   2.70382274709232     
   3.00000000000000     
   3.00000000000000     
   3.00000000000000     
  0.000000000000000E+000
  0.000000000000000E+000
  0.000000000000000E+000
  0.000000000000000E+000
  0.000000000000000E+000
  0.000000000000000E+000
  0.000000000000000E+000
  0.000000000000000E+000
  0.000000000000000E+000
  0.000000000000000E+000
  0.000000000000000E+000
  0.000000000000000E+000
  0.000000000000000E+000
   3.00000000000000     
   3.00000000000000     
   3.00000000000000     
   3.00000000000000     
   3.00000000000000     
   3.00000000000000     
   3.00000000000000     
   3.00000000000000     
   3.00000000000000     
   3.00000000000000     
   3.00000000000000     
   3.00000000000000     
   3.00000000000000     
  0.849943742826439     
  0.000000000000000E+000
  0.000000000000000E+000
  0.000000000000000E+000
  0.000000000000000E+000
  0.000000000000000E+000
  0.000000000000000E+000
  0.000000000000000E+000
  0.000000000000000E+000
  0.000000000000000E+000
  0.000000000000000E+000
  0.000000000000000E+000
  0.000000000000000E+000
  0.000000000000000E+000
   3.00000000000000     
   3.00000000000000     
   3.00000000000000     
   3.00000000000000     
   3.00000000000000     
   3.00000000000000     
   3.00000000000000     
   3.00000000000000     
   3.00000000000000     
   3.00000000000000     
   3.00000000000000     
   3.00000000000000     
   3.00000000000000     
   3.00000000000000     
   3.00000000000000     
   3.00000000000000     
  0.683219500583791     
  0.000000000000000E+000
  0.000000000000000E+000
  0.000000000000000E+000
  0.000000000000000E+000
  0.000000000000000E+000
  0.000000000000000E+000
  0.000000000000000E+000
  0.000000000000000E+000
  0.000000000000000E+000
  0.000000000000000E+000
  0.000000000000000E+000
   3.00000000000000     
   3.00000000000000     
   3.00000000000000     
   3.00000000000000     
   3.00000000000000     
   3.00000000000000     
   3.00000000000000     
   3.00000000000000     
   3.00000000000000     
   3.00000000000000     
   3.00000000000000     
   3.00000000000000     
   3.00000000000000     
   3.00000000000000     
   3.00000000000000     
   3.00000000000000     
   3.00000000000000     
  0.000000000000000E+000
  0.000000000000000E+000
  0.000000000000000E+000
  0.000000000000000E+000
  0.000000000000000E+000
  0.000000000000000E+000
  0.000000000000000E+000
  2.234237282973492E-003
  0.000000000000000E+000
  0.000000000000000E+000
  0.000000000000000E+000
  0.000000000000000E+000
  0.000000000000000E+000
   3.00000000000000     
   3.00000000000000     
   3.00000000000000     
   3.00000000000000     
   3.00000000000000     
   3.00000000000000     
   3.00000000000000     
   3.00000000000000     
   3.00000000000000     
   3.00000000000000     
   3.00000000000000     
   3.00000000000000     
   3.00000000000000     
   3.00000000000000     
   3.00000000000000     
   3.00000000000000     
   3.00000000000000     
   3.00000000000000     
  0.000000000000000E+000
  0.000000000000000E+000
  0.000000000000000E+000
  0.000000000000000E+000
  0.000000000000000E+000
  0.000000000000000E+000
  0.000000000000000E+000
  0.000000000000000E+000
  0.000000000000000E+000
  0.000000000000000E+000
  0.000000000000000E+000
  0.000000000000000E+000
  0.000000000000000E+000
  0.000000000000000E+000
   3.00000000000000     
   3.00000000000000     
   3.00000000000000     
   3.00000000000000     
   3.00000000000000     
   3.00000000000000     
   3.00000000000000     
   3.00000000000000     
   3.00000000000000     
   3.00000000000000     
   3.00000000000000     
   3.00000000000000     
   3.00000000000000     
   3.00000000000000     
   3.00000000000000     
   3.00000000000000     
   3.00000000000000     
   3.00000000000000     
   3.00000000000000     
   3.00000000000000     
  0.000000000000000E+000
  0.000000000000000E+000
  0.000000000000000E+000
  0.000000000000000E+000
  0.000000000000000E+000
  0.000000000000000E+000
  0.000000000000000E+000
  0.000000000000000E+000
  0.000000000000000E+000
  0.000000000000000E+000
  0.000000000000000E+000
  0.000000000000000E+000
  0.000000000000000E+000
  0.000000000000000E+000
  0.000000000000000E+000
  0.000000000000000E+000
   2.32893441775031     
   3.00000000000000     
   3.00000000000000     
   3.00000000000000     
   3.00000000000000     
   3.00000000000000     
   3.00000000000000     
   3.00000000000000     
   3.00000000000000     
   3.00000000000000     
   3.00000000000000     
   3.00000000000000     
   3.00000000000000     
   3.00000000000000     
   3.00000000000000     
   3.00000000000000     
   2.84443151535483     
   3.00000000000000     
   3.00000000000000     
   3.00000000000000     
   3.00000000000000     
   3.00000000000000     
   3.00000000000000     
  0.000000000000000E+000
  0.000000000000000E+000
  0.000000000000000E+000
  0.000000000000000E+000
  0.000000000000000E+000
  0.000000000000000E+000
  0.000000000000000E+000
  0.000000000000000E+000
  0.000000000000000E+000
  0.000000000000000E+000
  0.000000000000000E+000
  0.000000000000000E+000
  0.000000000000000E+000
  0.000000000000000E+000
  0.000000000000000E+000
  0.000000000000000E+000
   3.00000000000000     
   2.98965562281212     
   3.00000000000000     
   2.95685605118512     
   3.00000000000000     
   3.00000000000000     
   3.00000000000000     
   3.00000000000000     
   3.00000000000000     
   3.00000000000000     
   3.00000000000000     
   3.00000000000000     
   3.00000000000000     
   3.00000000000000     
   3.00000000000000     
   3.00000000000000     
   3.00000000000000     
   2.98960158990156     
   2.99425330607311     
   3.00000000000000     
   3.00000000000000     
   3.00000000000000     
  0.000000000000000E+000
  0.000000000000000E+000
  0.000000000000000E+000
  0.000000000000000E+000
  0.000000000000000E+000
  0.000000000000000E+000
  0.000000000000000E+000
  0.000000000000000E+000
  0.280549783227606     
  0.000000000000000E+000
  0.000000000000000E+000
  6.693941403257808E-002
  0.000000000000000E+000
  0.000000000000000E+000
  0.000000000000000E+000
  0.000000000000000E+000
  4.916029682147463E-002
   1.96632127216442     
   2.23972431287807     
   1.68588319275010     
   3.00000000000000     
   3.00000000000000     
   3.00000000000000     
   3.00000000000000     
   3.00000000000000     
   3.00000000000000     
   3.00000000000000     
   3.00000000000000     
   3.00000000000000     
   3.00000000000000     
   3.00000000000000     
   3.00000000000000     
   2.79829862848702     
   3.00000000000000     
   3.00000000000000     
   3.00000000000000     
   2.63008761185710     
  0.000000000000000E+000
  0.000000000000000E+000
  0.000000000000000E+000
  0.000000000000000E+000
  0.000000000000000E+000
  0.000000000000000E+000
  0.000000000000000E+000
  0.000000000000000E+000
  0.000000000000000E+000
  0.000000000000000E+000
  0.000000000000000E+000
   3.00000000000000     
  0.000000000000000E+000
  0.000000000000000E+000
  0.000000000000000E+000
  0.000000000000000E+000
  0.000000000000000E+000
  0.000000000000000E+000
  0.000000000000000E+000
  0.000000000000000E+000
   3.00000000000000     
   2.75738445292926     
   3.00000000000000     
   3.00000000000000     
   3.00000000000000     
   3.00000000000000     
   3.00000000000000     
   3.00000000000000     
   3.00000000000000     
   3.00000000000000     
   3.00000000000000     
   3.00000000000000     
   3.00000000000000     
   2.56211603497609     
   1.20100211750348     
  3.138607260268100E-003
  0.000000000000000E+000
  0.000000000000000E+000
  0.000000000000000E+000
  0.000000000000000E+000
  0.000000000000000E+000
  0.000000000000000E+000
  0.000000000000000E+000
  0.000000000000000E+000
  0.000000000000000E+000
  0.000000000000000E+000
  0.000000000000000E+000
  0.000000000000000E+000
  0.000000000000000E+000
  0.000000000000000E+000
  0.000000000000000E+000
  0.000000000000000E+000
  0.000000000000000E+000
  0.000000000000000E+000
  0.000000000000000E+000
  0.000000000000000E+000
  0.000000000000000E+000
  0.000000000000000E+000
  0.000000000000000E+000
  7.489308694303701E-002
  0.000000000000000E+000
  0.000000000000000E+000
  0.000000000000000E+000
  0.000000000000000E+000
  0.000000000000000E+000
  0.000000000000000E+000
  0.000000000000000E+000
  0.000000000000000E+000
  0.000000000000000E+000
  0.000000000000000E+000
  0.000000000000000E+000
  0.000000000000000E+000
  0.000000000000000E+000
  0.000000000000000E+000
  0.000000000000000E+000
  0.000000000000000E+000
  0.000000000000000E+000
  0.000000000000000E+000
  0.000000000000000E+000
  0.000000000000000E+000
  0.000000000000000E+000
  0.000000000000000E+000
  0.000000000000000E+000
  0.000000000000000E+000
  0.000000000000000E+000
  0.000000000000000E+000
  0.000000000000000E+000
  0.000000000000000E+000
  0.000000000000000E+000
  0.000000000000000E+000
  0.000000000000000E+000
  0.000000000000000E+000
  0.000000000000000E+000
  0.000000000000000E+000
  0.000000000000000E+000
  0.000000000000000E+000
  0.000000000000000E+000
  2.100034046469279E-002
  0.000000000000000E+000
   2.94283389772281     
   3.00000000000000     
   3.00000000000000     
   3.00000000000000     
   3.00000000000000     
   2.69029001051071     
   3.00000000000000     
  0.282925855474378     
  0.000000000000000E+000
  0.000000000000000E+000
  0.000000000000000E+000
  0.000000000000000E+000
  0.000000000000000E+000
  0.000000000000000E+000
  0.000000000000000E+000
  0.000000000000000E+000
  0.000000000000000E+000
  0.000000000000000E+000
  0.000000000000000E+000
  0.000000000000000E+000
  0.000000000000000E+000
  0.000000000000000E+000
  8.497184930571074E-002
  0.000000000000000E+000
  0.000000000000000E+000
  0.000000000000000E+000
  0.000000000000000E+000
  0.000000000000000E+000
  0.000000000000000E+000
  0.000000000000000E+000
  0.000000000000000E+000
  0.000000000000000E+000
  0.000000000000000E+000
  0.000000000000000E+000
  0.000000000000000E+000
  0.000000000000000E+000
  0.000000000000000E+000
  0.000000000000000E+000
  0.000000000000000E+000
  0.000000000000000E+000
  0.000000000000000E+000
  0.000000000000000E+000
  0.000000000000000E+000
  0.000000000000000E+000
  0.000000000000000E+000
  0.000000000000000E+000
  0.000000000000000E+000
  0.000000000000000E+000
  0.000000000000000E+000
  0.000000000000000E+000
  0.000000000000000E+000
  0.000000000000000E+000
  0.000000000000000E+000
  0.000000000000000E+000
  0.000000000000000E+000
  0.127405183575485     
  0.000000000000000E+000
  0.000000000000000E+000
  0.000000000000000E+000
  0.000000000000000E+000
  0.000000000000000E+000
  0.000000000000000E+000
  0.000000000000000E+000
  0.000000000000000E+000
  0.000000000000000E+000
  0.000000000000000E+000
  0.000000000000000E+000
  0.000000000000000E+000
  0.000000000000000E+000
  0.000000000000000E+000
  0.000000000000000E+000
  0.000000000000000E+000
  0.000000000000000E+000
  0.000000000000000E+000
  0.000000000000000E+000
  0.000000000000000E+000
  0.000000000000000E+000
  0.000000000000000E+000
  0.000000000000000E+000
  0.000000000000000E+000
  0.000000000000000E+000
  0.000000000000000E+000
  0.000000000000000E+000
  0.000000000000000E+000
  0.000000000000000E+000
  0.000000000000000E+000
  0.000000000000000E+000
  0.000000000000000E+000
  0.000000000000000E+000
  0.000000000000000E+000
  0.000000000000000E+000
  0.000000000000000E+000
  0.000000000000000E+000
  0.000000000000000E+000
  0.000000000000000E+000
  0.000000000000000E+000
  0.000000000000000E+000
  0.000000000000000E+000
  0.000000000000000E+000
  0.000000000000000E+000
  0.000000000000000E+000
  0.000000000000000E+000
  0.000000000000000E+000
  0.000000000000000E+000
  0.000000000000000E+000
  0.000000000000000E+000
  0.000000000000000E+000
  0.000000000000000E+000
  0.000000000000000E+000
  0.000000000000000E+000
  0.000000000000000E+000
  0.000000000000000E+000
  0.000000000000000E+000
  0.000000000000000E+000
  0.000000000000000E+000
  0.000000000000000E+000
  0.000000000000000E+000
  0.000000000000000E+000
  0.000000000000000E+000
  0.000000000000000E+000
  0.000000000000000E+000
  0.000000000000000E+000
  0.000000000000000E+000
  0.000000000000000E+000
  0.000000000000000E+000
  0.000000000000000E+000
  0.000000000000000E+000
  0.000000000000000E+000
  0.000000000000000E+000
  0.000000000000000E+000
  0.000000000000000E+000
  0.000000000000000E+000
  0.000000000000000E+000
  0.000000000000000E+000
  0.000000000000000E+000
  0.000000000000000E+000
  0.000000000000000E+000
  0.000000000000000E+000
  0.000000000000000E+000
  0.000000000000000E+000
  0.000000000000000E+000
  0.000000000000000E+000
  0.000000000000000E+000
  0.000000000000000E+000
  0.000000000000000E+000
  0.000000000000000E+000
  0.000000000000000E+000
  0.000000000000000E+000
  0.000000000000000E+000
  0.000000000000000E+000
  0.000000000000000E+000
  0.000000000000000E+000
  0.000000000000000E+000
  0.000000000000000E+000
  0.000000000000000E+000
  0.000000000000000E+000
  0.000000000000000E+000
  0.000000000000000E+000
  0.000000000000000E+000
  0.000000000000000E+000
  0.000000000000000E+000
  0.000000000000000E+000
  0.000000000000000E+000
  0.000000000000000E+000
  0.000000000000000E+000
  0.000000000000000E+000
  0.000000000000000E+000
  0.000000000000000E+000
  0.000000000000000E+000
  0.000000000000000E+000
  0.000000000000000E+000
  0.000000000000000E+000
  0.000000000000000E+000
  0.000000000000000E+000
  7.583618043350418E-002
  0.000000000000000E+000
  0.000000000000000E+000
  0.000000000000000E+000
  0.000000000000000E+000
  0.000000000000000E+000
  0.000000000000000E+000
  0.280726186949881     
  0.000000000000000E+000
  0.000000000000000E+000
  0.000000000000000E+000
  0.000000000000000E+000
  0.000000000000000E+000
  0.000000000000000E+000
  0.000000000000000E+000
  0.000000000000000E+000
  0.000000000000000E+000
  0.000000000000000E+000
  0.000000000000000E+000
  0.000000000000000E+000
  0.000000000000000E+000
  0.000000000000000E+000
  0.000000000000000E+000
  0.000000000000000E+000
  0.000000000000000E+000
  0.000000000000000E+000
  0.000000000000000E+000
  0.000000000000000E+000
  0.000000000000000E+000
  0.000000000000000E+000
  0.000000000000000E+000
  0.000000000000000E+000
  0.000000000000000E+000
  0.000000000000000E+000
  0.000000000000000E+000
  0.000000000000000E+000
  0.000000000000000E+000
  0.000000000000000E+000
  0.000000000000000E+000
  0.319192889481012     
  0.000000000000000E+000
  0.000000000000000E+000
  0.000000000000000E+000
  0.000000000000000E+000
  0.000000000000000E+000
  0.000000000000000E+000
  0.000000000000000E+000
  0.000000000000000E+000
  0.000000000000000E+000
  0.000000000000000E+000
  0.000000000000000E+000
  0.000000000000000E+000
  0.000000000000000E+000
  0.000000000000000E+000
  0.000000000000000E+000
  0.000000000000000E+000
  0.000000000000000E+000
  0.000000000000000E+000
  0.000000000000000E+000
  0.000000000000000E+000
  0.000000000000000E+000
  0.000000000000000E+000
  0.000000000000000E+000
  0.000000000000000E+000
  0.000000000000000E+000
  0.000000000000000E+000
  0.000000000000000E+000
  0.000000000000000E+000
  0.000000000000000E+000
  0.000000000000000E+000
  0.000000000000000E+000
  0.000000000000000E+000
  0.000000000000000E+000
  0.000000000000000E+000
  0.000000000000000E+000
  0.000000000000000E+000
  0.000000000000000E+000
  0.000000000000000E+000
  0.000000000000000E+000
  0.000000000000000E+000
  0.000000000000000E+000
  0.000000000000000E+000
  0.000000000000000E+000
  0.000000000000000E+000
  0.000000000000000E+000
  0.000000000000000E+000
  0.000000000000000E+000
  0.000000000000000E+000
  0.000000000000000E+000
  0.000000000000000E+000
  0.000000000000000E+000
  0.000000000000000E+000
  0.000000000000000E+000
  0.000000000000000E+000
  0.000000000000000E+000
  0.000000000000000E+000
  0.000000000000000E+000
  0.000000000000000E+000
  0.000000000000000E+000
  0.000000000000000E+000
  0.000000000000000E+000
  0.000000000000000E+000
  0.000000000000000E+000
  0.000000000000000E+000
  0.000000000000000E+000
  0.000000000000000E+000
  0.000000000000000E+000
  0.000000000000000E+000
  0.000000000000000E+000
  0.000000000000000E+000
  0.000000000000000E+000
  0.000000000000000E+000
  0.000000000000000E+000
  0.000000000000000E+000
  0.000000000000000E+000
  0.000000000000000E+000
  0.000000000000000E+000
  0.000000000000000E+000
  0.000000000000000E+000
  0.000000000000000E+000
  0.000000000000000E+000
  0.000000000000000E+000
  0.000000000000000E+000
  0.000000000000000E+000
  0.000000000000000E+000
  0.000000000000000E+000
  0.000000000000000E+000
  0.000000000000000E+000
  0.000000000000000E+000
  0.000000000000000E+000
  0.000000000000000E+000
  0.000000000000000E+000
  0.000000000000000E+000
  0.000000000000000E+000
  0.000000000000000E+000
  0.000000000000000E+000
  0.000000000000000E+000
  0.000000000000000E+000
  0.000000000000000E+000
  0.000000000000000E+000
  0.000000000000000E+000
  0.000000000000000E+000
  0.000000000000000E+000
  0.000000000000000E+000
  0.000000000000000E+000
  0.000000000000000E+000
  0.000000000000000E+000
  0.000000000000000E+000
  0.000000000000000E+000
  0.000000000000000E+000
  0.000000000000000E+000
  0.000000000000000E+000
  0.000000000000000E+000
  0.000000000000000E+000
  0.000000000000000E+000
  0.000000000000000E+000
  0.000000000000000E+000
  0.000000000000000E+000
  0.000000000000000E+000
  7.963916554333213E-002
  0.000000000000000E+000
  0.000000000000000E+000
  0.000000000000000E+000
  0.000000000000000E+000
  0.000000000000000E+000
  0.000000000000000E+000
  0.000000000000000E+000
  0.000000000000000E+000
  0.000000000000000E+000
  0.000000000000000E+000
  0.000000000000000E+000
  0.000000000000000E+000
  0.000000000000000E+000
  0.000000000000000E+000
  0.000000000000000E+000
  0.000000000000000E+000
  0.000000000000000E+000
  0.000000000000000E+000
  0.000000000000000E+000
  0.000000000000000E+000
  0.000000000000000E+000
  0.000000000000000E+000
  0.000000000000000E+000
  0.000000000000000E+000
  0.000000000000000E+000
  5.137177089850814E-003
  0.000000000000000E+000
  0.000000000000000E+000
