 best result is in generation         419 sampling=          14
 best value of Objective function is  3.435632901138309E-002
 best design variables
   1.50000000000000     
   1.50000000000000     
   1.50000000000000     
   1.50000000000000     
   1.50000000000000     
   1.50000000000000     
   1.50000000000000     
   1.50000000000000     
   1.50000000000000     
   1.50000000000000     
   1.50000000000000     
   1.50000000000000     
   1.50000000000000     
   1.50000000000000     
   1.49679605864313     
   1.50000000000000     
   1.50000000000000     
   1.50000000000000     
   1.16865678156041     
   1.50000000000000     
   1.50000000000000     
   1.50000000000000     
   1.50000000000000     
   1.50000000000000     
   1.50000000000000     
   1.50000000000000     
   1.50000000000000     
   1.50000000000000     
   1.50000000000000     
   1.50000000000000     
   1.50000000000000     
   1.50000000000000     
   1.37186191569929     
   1.50000000000000     
   1.50000000000000     
   1.39412891715570     
   1.50000000000000     
   1.50000000000000     
   1.50000000000000     
  0.000000000000000E+000
   1.50000000000000     
   1.50000000000000     
   1.50000000000000     
   1.50000000000000     
   1.50000000000000     
   1.50000000000000     
   1.50000000000000     
   1.50000000000000     
   1.50000000000000     
   1.50000000000000     
   1.50000000000000     
   1.50000000000000     
   1.50000000000000     
   1.50000000000000     
   1.50000000000000     
   1.28289552942924     
   1.50000000000000     
   1.50000000000000     
  0.416660879037536     
  0.000000000000000E+000
   1.50000000000000     
   1.50000000000000     
   1.50000000000000     
   1.50000000000000     
   1.50000000000000     
   1.50000000000000     
   1.50000000000000     
   1.50000000000000     
   1.50000000000000     
   1.50000000000000     
   1.50000000000000     
   1.50000000000000     
   1.50000000000000     
   1.50000000000000     
   1.50000000000000     
   1.50000000000000     
   1.50000000000000     
  0.498327130625722     
   1.23926114393520     
  0.871551235181002     
   1.50000000000000     
   1.50000000000000     
   1.50000000000000     
   1.50000000000000     
   1.50000000000000     
   1.50000000000000     
   1.50000000000000     
   1.50000000000000     
   1.50000000000000     
   1.50000000000000     
   1.50000000000000     
   1.50000000000000     
   1.50000000000000     
   1.50000000000000     
   1.50000000000000     
   1.50000000000000     
   1.10477776802585     
   1.14117463498356     
  0.385422206981297     
  0.500009271487967     
   1.50000000000000     
   1.50000000000000     
   1.50000000000000     
   1.50000000000000     
   1.50000000000000     
   1.50000000000000     
   1.50000000000000     
   1.50000000000000     
   1.50000000000000     
   1.50000000000000     
   1.50000000000000     
   1.50000000000000     
   1.50000000000000     
   1.50000000000000     
   1.50000000000000     
   1.50000000000000     
   1.50000000000000     
  0.928073352776145     
   1.50000000000000     
  0.000000000000000E+000
  0.000000000000000E+000
   1.50000000000000     
   1.50000000000000     
   1.50000000000000     
   1.50000000000000     
   1.50000000000000     
   1.50000000000000     
   1.50000000000000     
   1.50000000000000     
   1.50000000000000     
   1.50000000000000     
   1.50000000000000     
   1.50000000000000     
   1.50000000000000     
   1.50000000000000     
   1.50000000000000     
   1.50000000000000     
   1.50000000000000     
  0.996981333062624     
   1.50000000000000     
  0.000000000000000E+000
   1.48010763495991     
   1.50000000000000     
   1.50000000000000     
   1.50000000000000     
   1.50000000000000     
   1.50000000000000     
   1.48881993185793     
   1.50000000000000     
   1.50000000000000     
   1.50000000000000     
   1.50000000000000     
   1.50000000000000     
   1.50000000000000     
   1.50000000000000     
   1.50000000000000     
   1.50000000000000     
   1.50000000000000     
   1.50000000000000     
   1.50000000000000     
   1.50000000000000     
   1.50000000000000     
   1.50000000000000     
   1.50000000000000     
   1.50000000000000     
   1.50000000000000     
   1.50000000000000     
   1.50000000000000     
   1.50000000000000     
   1.50000000000000     
   1.50000000000000     
   1.50000000000000     
   1.50000000000000     
   1.50000000000000     
   1.50000000000000     
   1.50000000000000     
   1.11641979279311     
   1.50000000000000     
   1.50000000000000     
   1.50000000000000     
   1.50000000000000     
   1.50000000000000     
   1.50000000000000     
   1.50000000000000     
   1.50000000000000     
   1.50000000000000     
   1.50000000000000     
   1.50000000000000     
   1.50000000000000     
   1.50000000000000     
   1.50000000000000     
   1.50000000000000     
   1.50000000000000     
   1.50000000000000     
   1.50000000000000     
   1.50000000000000     
   1.50000000000000     
   1.41553545523073     
   1.50000000000000     
   1.50000000000000     
   1.50000000000000     
   1.50000000000000     
   1.21733504683465     
   1.50000000000000     
   1.50000000000000     
   1.50000000000000     
   1.50000000000000     
   1.50000000000000     
   1.50000000000000     
   1.50000000000000     
   1.50000000000000     
   1.50000000000000     
   1.50000000000000     
   1.50000000000000     
   1.50000000000000     
   1.50000000000000     
   1.50000000000000     
   1.50000000000000     
   1.50000000000000     
   1.50000000000000     
   1.50000000000000     
   1.50000000000000     
   1.50000000000000     
  0.000000000000000E+000
   1.50000000000000     
   1.50000000000000     
   1.50000000000000     
   1.50000000000000     
   1.50000000000000     
   1.50000000000000     
   1.50000000000000     
   1.50000000000000     
   1.50000000000000     
   1.50000000000000     
   1.50000000000000     
   1.50000000000000     
   1.50000000000000     
   1.50000000000000     
   1.50000000000000     
   1.40338666056325     
   1.50000000000000     
   1.50000000000000     
   1.50000000000000     
  0.977370284911254     
  0.000000000000000E+000
   1.50000000000000     
   1.50000000000000     
   1.50000000000000     
   1.50000000000000     
   1.50000000000000     
   1.50000000000000     
   1.50000000000000     
   1.50000000000000     
   1.50000000000000     
   1.50000000000000     
   1.29427592985256     
   1.50000000000000     
   1.50000000000000     
   1.50000000000000     
   1.50000000000000     
   1.50000000000000     
   1.50000000000000     
   1.50000000000000     
   1.50000000000000     
   1.50000000000000     
  0.000000000000000E+000
   1.50000000000000     
   1.50000000000000     
   1.50000000000000     
   1.50000000000000     
   1.50000000000000     
   1.50000000000000     
   1.50000000000000     
   1.50000000000000     
   1.50000000000000     
   1.50000000000000     
   1.50000000000000     
   1.50000000000000     
   1.50000000000000     
   1.50000000000000     
   1.50000000000000     
   1.50000000000000     
   1.50000000000000     
   1.50000000000000     
   1.50000000000000     
   1.50000000000000     
   1.50000000000000     
   1.50000000000000     
   1.45086726963932     
   1.50000000000000     
   1.50000000000000     
   1.50000000000000     
   1.50000000000000     
   1.50000000000000     
   1.50000000000000     
   1.50000000000000     
   1.50000000000000     
   1.50000000000000     
   1.50000000000000     
   1.50000000000000     
   1.50000000000000     
   1.50000000000000     
   1.50000000000000     
   1.50000000000000     
   1.50000000000000     
   1.50000000000000     
   1.50000000000000     
  0.000000000000000E+000
  0.000000000000000E+000
   1.50000000000000     
   1.50000000000000     
   1.50000000000000     
   1.50000000000000     
   1.50000000000000     
   1.50000000000000     
   1.50000000000000     
   1.50000000000000     
   1.50000000000000     
   1.50000000000000     
   1.50000000000000     
   1.50000000000000     
   1.50000000000000     
   1.50000000000000     
   1.50000000000000     
   1.50000000000000     
   1.50000000000000     
   1.50000000000000     
   1.50000000000000     
   1.46252729042854     
  0.000000000000000E+000
   1.50000000000000     
   1.50000000000000     
   1.50000000000000     
   1.50000000000000     
   1.50000000000000     
   1.50000000000000     
   1.50000000000000     
   1.50000000000000     
   1.50000000000000     
   1.50000000000000     
   1.50000000000000     
   1.49865084590116     
   1.50000000000000     
   1.50000000000000     
   1.50000000000000     
   1.50000000000000     
   1.50000000000000     
   1.43230562193126     
   1.50000000000000     
   1.50000000000000     
  0.839407125708803     
  0.000000000000000E+000
   1.50000000000000     
   1.50000000000000     
   1.50000000000000     
   1.50000000000000     
   1.50000000000000     
   1.50000000000000     
   1.50000000000000     
   1.50000000000000     
   1.50000000000000     
   1.50000000000000     
   1.50000000000000     
   1.50000000000000     
   1.50000000000000     
   1.50000000000000     
   1.50000000000000     
   1.50000000000000     
   1.50000000000000     
   1.50000000000000     
   1.50000000000000     
   1.50000000000000     
   1.50000000000000     
  0.975892145708750     
   1.50000000000000     
  6.648435290372623E-003
   1.50000000000000     
   1.50000000000000     
   1.50000000000000     
   1.50000000000000     
   1.50000000000000     
   1.50000000000000     
   1.50000000000000     
   1.50000000000000     
   1.50000000000000     
   1.50000000000000     
   1.50000000000000     
   1.50000000000000     
   1.50000000000000     
   1.50000000000000     
   1.50000000000000     
   1.50000000000000     
   1.50000000000000     
   1.50000000000000     
   1.50000000000000     
   1.50000000000000     
   1.50000000000000     
   1.50000000000000     
   1.50000000000000     
   1.50000000000000     
   1.50000000000000     
   1.50000000000000     
   1.50000000000000     
   1.50000000000000     
   1.50000000000000     
   1.50000000000000     
   1.50000000000000     
   1.45815831805331     
   1.50000000000000     
   1.50000000000000     
   1.50000000000000     
   1.50000000000000     
   1.50000000000000     
   1.50000000000000     
   1.46313476204003     
   1.50000000000000     
   1.50000000000000     
   1.50000000000000     
   1.48992347236482     
   1.40464465395725     
  0.000000000000000E+000
   1.50000000000000     
   1.50000000000000     
   1.50000000000000     
   1.50000000000000     
   1.50000000000000     
   1.50000000000000     
   1.50000000000000     
   1.50000000000000     
   1.50000000000000     
   1.50000000000000     
   1.50000000000000     
   1.50000000000000     
   1.50000000000000     
   1.50000000000000     
   1.50000000000000     
   1.50000000000000     
   1.50000000000000     
   1.41195781986370     
   1.50000000000000     
   1.50000000000000     
   1.50000000000000     
   1.50000000000000     
   1.45090737129907     
  0.000000000000000E+000
   1.50000000000000     
   1.50000000000000     
   1.50000000000000     
   1.50000000000000     
   1.50000000000000     
   1.50000000000000     
   1.50000000000000     
   1.50000000000000     
   1.38880103211058     
   1.50000000000000     
   1.50000000000000     
   1.50000000000000     
   1.50000000000000     
   1.50000000000000     
   1.50000000000000     
   1.50000000000000     
   1.50000000000000     
   1.50000000000000     
   1.50000000000000     
   1.50000000000000     
   1.50000000000000     
   1.50000000000000     
   1.50000000000000     
  0.000000000000000E+000
   1.50000000000000     
   1.50000000000000     
   1.50000000000000     
   1.50000000000000     
   1.50000000000000     
   1.50000000000000     
   1.50000000000000     
   1.50000000000000     
   1.50000000000000     
   1.50000000000000     
   1.50000000000000     
   1.50000000000000     
   1.50000000000000     
   1.50000000000000     
   1.50000000000000     
   1.50000000000000     
   1.32944885016248     
   1.50000000000000     
   1.50000000000000     
   1.50000000000000     
   1.50000000000000     
   1.50000000000000     
   1.50000000000000     
   1.50000000000000     
  0.000000000000000E+000
   1.50000000000000     
   1.50000000000000     
   1.50000000000000     
   1.50000000000000     
   1.50000000000000     
   1.50000000000000     
   1.50000000000000     
   1.50000000000000     
   1.50000000000000     
   1.50000000000000     
   1.50000000000000     
   1.50000000000000     
   1.50000000000000     
   1.50000000000000     
   1.50000000000000     
   1.50000000000000     
   1.50000000000000     
   1.50000000000000     
   1.50000000000000     
   1.50000000000000     
   1.50000000000000     
   1.46208679074408     
   1.50000000000000     
   1.46460744847341     
  0.000000000000000E+000
   1.50000000000000     
   1.50000000000000     
   1.50000000000000     
   1.50000000000000     
   1.50000000000000     
   1.50000000000000     
   1.50000000000000     
   1.50000000000000     
   1.50000000000000     
   1.50000000000000     
   1.50000000000000     
   1.50000000000000     
   1.50000000000000     
   1.50000000000000     
   1.50000000000000     
   1.50000000000000     
   1.50000000000000     
   1.49033417696364     
   1.47019141206769     
   1.50000000000000     
   1.44573819199900     
   1.50000000000000     
   1.50000000000000     
   1.50000000000000     
   1.50000000000000     
  0.000000000000000E+000
  0.000000000000000E+000
   1.50000000000000     
   1.50000000000000     
   1.50000000000000     
   1.50000000000000     
   1.50000000000000     
   1.50000000000000     
   1.50000000000000     
   1.50000000000000     
   1.50000000000000     
   1.50000000000000     
   1.50000000000000     
   1.50000000000000     
   1.50000000000000     
   1.50000000000000     
   1.50000000000000     
   1.50000000000000     
   1.50000000000000     
   1.50000000000000     
   1.50000000000000     
   1.50000000000000     
   1.50000000000000     
   1.50000000000000     
   1.50000000000000     
   1.50000000000000     
   1.50000000000000     
  0.109629255079791     
  2.128578960798437E-002
   1.50000000000000     
   1.50000000000000     
   1.50000000000000     
   1.50000000000000     
   1.50000000000000     
   1.50000000000000     
   1.50000000000000     
   1.50000000000000     
   1.50000000000000     
   1.50000000000000     
   1.50000000000000     
   1.50000000000000     
   1.50000000000000     
   1.50000000000000     
   1.50000000000000     
   1.50000000000000     
   1.50000000000000     
   1.50000000000000     
   1.50000000000000     
   1.50000000000000     
   1.50000000000000     
   1.50000000000000     
   1.50000000000000     
   1.50000000000000     
   1.46273403775851     
   1.50000000000000     
  0.622265675561583     
  0.000000000000000E+000
   1.50000000000000     
   1.50000000000000     
   1.50000000000000     
   1.50000000000000     
   1.50000000000000     
   1.50000000000000     
   1.50000000000000     
   1.50000000000000     
   1.50000000000000     
   1.50000000000000     
   1.50000000000000     
   1.50000000000000     
   1.50000000000000     
   1.50000000000000     
   1.50000000000000     
   1.50000000000000     
   1.50000000000000     
   1.50000000000000     
   1.46709113990526     
   1.50000000000000     
   1.50000000000000     
   1.50000000000000     
   1.50000000000000     
   1.50000000000000     
   1.50000000000000     
   1.50000000000000     
   1.50000000000000     
  0.000000000000000E+000
  0.000000000000000E+000
  0.000000000000000E+000
   1.50000000000000     
   1.50000000000000     
   1.50000000000000     
   1.50000000000000     
   1.50000000000000     
   1.50000000000000     
   1.50000000000000     
   1.50000000000000     
   1.50000000000000     
   1.50000000000000     
   1.50000000000000     
   1.50000000000000     
   1.50000000000000     
   1.50000000000000     
   1.50000000000000     
   1.50000000000000     
   1.50000000000000     
   1.50000000000000     
   1.50000000000000     
   1.50000000000000     
   1.50000000000000     
   1.50000000000000     
   1.50000000000000     
   1.50000000000000     
   1.50000000000000     
   1.50000000000000     
   1.50000000000000     
   1.50000000000000     
  0.000000000000000E+000
  0.000000000000000E+000
  0.000000000000000E+000
  0.000000000000000E+000
   1.50000000000000     
   1.50000000000000     
   1.50000000000000     
   1.50000000000000     
   1.50000000000000     
   1.50000000000000     
   1.50000000000000     
   1.50000000000000     
   1.50000000000000     
   1.50000000000000     
   1.49274853311176     
   1.50000000000000     
   1.50000000000000     
   1.50000000000000     
   1.50000000000000     
   1.50000000000000     
   1.50000000000000     
   1.50000000000000     
   1.50000000000000     
   1.50000000000000     
   1.50000000000000     
   1.50000000000000     
   1.50000000000000     
   1.50000000000000     
   1.50000000000000     
   1.50000000000000     
   1.50000000000000     
   1.50000000000000     
   1.50000000000000     
   1.50000000000000     
  0.000000000000000E+000
  8.976079224613447E-002
  0.000000000000000E+000
   1.50000000000000     
  0.000000000000000E+000
  0.212903953293555     
   1.35716556238389     
   1.46631889803206     
   1.50000000000000     
   1.50000000000000     
   1.40566385513892     
   1.50000000000000     
   1.50000000000000     
   1.50000000000000     
   1.50000000000000     
   1.50000000000000     
   1.50000000000000     
   1.50000000000000     
   1.50000000000000     
   1.50000000000000     
   1.50000000000000     
   1.50000000000000     
   1.50000000000000     
   1.50000000000000     
   1.50000000000000     
   1.50000000000000     
   1.50000000000000     
   1.50000000000000     
   1.38157199889957     
   1.50000000000000     
   1.50000000000000     
   1.47761777655097     
   1.48861819885530     
   1.50000000000000     
   1.50000000000000     
   1.50000000000000     
   1.50000000000000     
  0.777578253530779     
  0.000000000000000E+000
  0.000000000000000E+000
  0.000000000000000E+000
   1.50000000000000     
   1.50000000000000     
   1.50000000000000     
  0.000000000000000E+000
  0.781512607281398     
   1.43206300670683     
  0.199881974982371     
   1.14399724578645     
   1.50000000000000     
   1.50000000000000     
   1.50000000000000     
   1.50000000000000     
   1.50000000000000     
   1.50000000000000     
   1.50000000000000     
   1.50000000000000     
   1.50000000000000     
   1.50000000000000     
   1.50000000000000     
   1.37595406471647     
   1.50000000000000     
   1.50000000000000     
   1.50000000000000     
   1.50000000000000     
   1.49632541103099     
   1.50000000000000     
   1.50000000000000     
   1.50000000000000     
   1.50000000000000     
   1.50000000000000     
   1.50000000000000     
   1.50000000000000     
   1.50000000000000     
   1.50000000000000     
   1.50000000000000     
   1.50000000000000     
   1.50000000000000     
   1.50000000000000     
   1.50000000000000     
   1.50000000000000     
   1.50000000000000     
   1.50000000000000     
  0.000000000000000E+000
   1.50000000000000     
  0.120318524191623     
   1.17979598747987     
  0.000000000000000E+000
   1.10227865346334     
   1.50000000000000     
   1.50000000000000     
   1.50000000000000     
   1.50000000000000     
   1.50000000000000     
   1.50000000000000     
   1.50000000000000     
   1.50000000000000     
   1.50000000000000     
   1.50000000000000     
   1.50000000000000     
   1.50000000000000     
   1.50000000000000     
   1.50000000000000     
   1.50000000000000     
   1.50000000000000     
   1.50000000000000     
   1.50000000000000     
   1.50000000000000     
   1.50000000000000     
   1.50000000000000     
   1.50000000000000     
   1.50000000000000     
   1.50000000000000     
   1.50000000000000     
   1.50000000000000     
   1.50000000000000     
   1.50000000000000     
   1.50000000000000     
   1.50000000000000     
   1.50000000000000     
  0.000000000000000E+000
  0.000000000000000E+000
  0.000000000000000E+000
  0.000000000000000E+000
  0.000000000000000E+000
   1.32201868518594     
   1.42516125295818     
   1.50000000000000     
   1.42403240574420     
   1.50000000000000     
   1.50000000000000     
   1.50000000000000     
   1.50000000000000     
   1.50000000000000     
   1.50000000000000     
   1.50000000000000     
   1.35375102723020     
   1.50000000000000     
   1.50000000000000     
   1.31893095431232     
   1.50000000000000     
   1.50000000000000     
   1.50000000000000     
   1.50000000000000     
   1.44445961535389     
   1.50000000000000     
   1.50000000000000     
   1.50000000000000     
   1.50000000000000     
   1.50000000000000     
   1.50000000000000     
   1.50000000000000     
   1.50000000000000     
   1.50000000000000     
   1.50000000000000     
   1.50000000000000     
  0.000000000000000E+000
  0.000000000000000E+000
  0.000000000000000E+000
  0.000000000000000E+000
   1.50000000000000     
  0.000000000000000E+000
   1.15580564450084     
  0.816995084894292     
   1.09142226879345     
   1.46542456840765     
   1.50000000000000     
   1.50000000000000     
   1.50000000000000     
   1.50000000000000     
   1.50000000000000     
   1.50000000000000     
   1.47312334976206     
   1.50000000000000     
   1.50000000000000     
   1.50000000000000     
   1.50000000000000     
   1.50000000000000     
   1.50000000000000     
   1.50000000000000     
   1.38472875368012     
   1.50000000000000     
   1.50000000000000     
   1.50000000000000     
   1.50000000000000     
   1.50000000000000     
   1.50000000000000     
   1.21033393103320     
   1.50000000000000     
   1.50000000000000     
   1.50000000000000     
  0.000000000000000E+000
  0.000000000000000E+000
  0.000000000000000E+000
  0.000000000000000E+000
  0.000000000000000E+000
  0.000000000000000E+000
  0.000000000000000E+000
  0.000000000000000E+000
  0.000000000000000E+000
  0.000000000000000E+000
  0.000000000000000E+000
  1.314836046535933E-002
   1.50000000000000     
   1.50000000000000     
   1.50000000000000     
   1.50000000000000     
   1.42107639394049     
   1.50000000000000     
   1.50000000000000     
   1.50000000000000     
   1.50000000000000     
   1.50000000000000     
   1.50000000000000     
   1.50000000000000     
   1.50000000000000     
   1.50000000000000     
   1.50000000000000     
   1.50000000000000     
   1.50000000000000     
   1.50000000000000     
   1.50000000000000     
   1.50000000000000     
   1.50000000000000     
   1.10284582042756     
  0.000000000000000E+000
   1.50000000000000     
  0.000000000000000E+000
  0.000000000000000E+000
  0.000000000000000E+000
  0.000000000000000E+000
  0.000000000000000E+000
  0.000000000000000E+000
  0.000000000000000E+000
  0.000000000000000E+000
  0.890329165845963     
   1.50000000000000     
   1.50000000000000     
   1.50000000000000     
   1.50000000000000     
  0.000000000000000E+000
  0.000000000000000E+000
   1.40855108067668     
   1.50000000000000     
   1.50000000000000     
   1.11810227388724     
  0.567679904511162     
  0.000000000000000E+000
  0.000000000000000E+000
  3.444878169973888E-002
  0.000000000000000E+000
  0.000000000000000E+000
  0.000000000000000E+000
  0.000000000000000E+000
  0.000000000000000E+000
  0.000000000000000E+000
  0.000000000000000E+000
  0.000000000000000E+000
  0.000000000000000E+000
  0.000000000000000E+000
  0.000000000000000E+000
  0.000000000000000E+000
  0.000000000000000E+000
  0.000000000000000E+000
  0.000000000000000E+000
  0.000000000000000E+000
  0.000000000000000E+000
  0.329113683240190     
  0.000000000000000E+000
  0.486905633777585     
  0.000000000000000E+000
  0.000000000000000E+000
  0.000000000000000E+000
  0.000000000000000E+000
   1.50000000000000     
   1.50000000000000     
  0.000000000000000E+000
  0.000000000000000E+000
  0.000000000000000E+000
  8.925465544380813E-002
  0.000000000000000E+000
  0.000000000000000E+000
  8.982089604094239E-002
  0.000000000000000E+000
  0.000000000000000E+000
  0.000000000000000E+000
  0.000000000000000E+000
  9.728285492753941E-002
   1.50000000000000     
   1.50000000000000     
   1.50000000000000     
  0.000000000000000E+000
  0.000000000000000E+000
  0.000000000000000E+000
  0.000000000000000E+000
  0.000000000000000E+000
  0.000000000000000E+000
  0.000000000000000E+000
  0.000000000000000E+000
  0.000000000000000E+000
  0.000000000000000E+000
  0.000000000000000E+000
  0.000000000000000E+000
  0.000000000000000E+000
  0.000000000000000E+000
  0.000000000000000E+000
  0.000000000000000E+000
  0.144214280457953     
  0.000000000000000E+000
  0.000000000000000E+000
   1.50000000000000     
   1.50000000000000     
   1.50000000000000     
   1.50000000000000     
   1.50000000000000     
   1.50000000000000     
   1.50000000000000     
   1.50000000000000     
   1.50000000000000     
   1.39859647604530     
   1.50000000000000     
   1.50000000000000     
  0.000000000000000E+000
  0.000000000000000E+000
  0.000000000000000E+000
  0.000000000000000E+000
  0.000000000000000E+000
  0.000000000000000E+000
  0.000000000000000E+000
  0.000000000000000E+000
  0.000000000000000E+000
  0.000000000000000E+000
  0.000000000000000E+000
  0.000000000000000E+000
  0.000000000000000E+000
  0.000000000000000E+000
  0.000000000000000E+000
  0.000000000000000E+000
  0.000000000000000E+000
  0.000000000000000E+000
  0.000000000000000E+000
  0.000000000000000E+000
  0.000000000000000E+000
  0.000000000000000E+000
  0.000000000000000E+000
  0.000000000000000E+000
  0.000000000000000E+000
  0.000000000000000E+000
  0.000000000000000E+000
  0.000000000000000E+000
  0.000000000000000E+000
  0.000000000000000E+000
  0.000000000000000E+000
  0.000000000000000E+000
  0.000000000000000E+000
  0.000000000000000E+000
  0.000000000000000E+000
  0.000000000000000E+000
  0.000000000000000E+000
  0.000000000000000E+000
  0.000000000000000E+000
  0.000000000000000E+000
  0.000000000000000E+000
  0.000000000000000E+000
  0.000000000000000E+000
  0.000000000000000E+000
  0.000000000000000E+000
  0.000000000000000E+000
  0.000000000000000E+000
  0.000000000000000E+000
  0.000000000000000E+000
  0.000000000000000E+000
  0.000000000000000E+000
  5.046353786861135E-004
  0.000000000000000E+000
  0.000000000000000E+000
  0.000000000000000E+000
  0.000000000000000E+000
  0.000000000000000E+000
  0.000000000000000E+000
  0.000000000000000E+000
  0.000000000000000E+000
  0.000000000000000E+000
  0.000000000000000E+000
  0.000000000000000E+000
  0.000000000000000E+000
  0.000000000000000E+000
  0.000000000000000E+000
  0.000000000000000E+000
  0.000000000000000E+000
  0.000000000000000E+000
  0.000000000000000E+000
  0.000000000000000E+000
  0.000000000000000E+000
  0.000000000000000E+000
  0.000000000000000E+000
  0.000000000000000E+000
  0.000000000000000E+000
  0.000000000000000E+000
  0.000000000000000E+000
  0.000000000000000E+000
  0.000000000000000E+000
  0.000000000000000E+000
  0.000000000000000E+000
  0.000000000000000E+000
  0.000000000000000E+000
  0.000000000000000E+000
  0.000000000000000E+000
  0.000000000000000E+000
  0.000000000000000E+000
  0.000000000000000E+000
  0.000000000000000E+000
  0.000000000000000E+000
  0.000000000000000E+000
  0.000000000000000E+000
  0.000000000000000E+000
  0.000000000000000E+000
  0.000000000000000E+000
  0.000000000000000E+000
  0.000000000000000E+000
  0.000000000000000E+000
  0.000000000000000E+000
  0.000000000000000E+000
  0.000000000000000E+000
  0.000000000000000E+000
  0.000000000000000E+000
  0.000000000000000E+000
  0.000000000000000E+000
  0.000000000000000E+000
  0.000000000000000E+000
  0.000000000000000E+000
  0.000000000000000E+000
  0.000000000000000E+000
  0.000000000000000E+000
  0.000000000000000E+000
  0.000000000000000E+000
  0.000000000000000E+000
  0.000000000000000E+000
  0.000000000000000E+000
  0.000000000000000E+000
  0.000000000000000E+000
  0.000000000000000E+000
  0.000000000000000E+000
  0.000000000000000E+000
  0.000000000000000E+000
  0.000000000000000E+000
  8.994492551751718E-002
  0.000000000000000E+000
  0.000000000000000E+000
  0.000000000000000E+000
  0.000000000000000E+000
  0.000000000000000E+000
  0.000000000000000E+000
  0.000000000000000E+000
  0.000000000000000E+000
  0.000000000000000E+000
  0.000000000000000E+000
  0.000000000000000E+000
  0.000000000000000E+000
  0.000000000000000E+000
  0.000000000000000E+000
  0.000000000000000E+000
  0.000000000000000E+000
  0.000000000000000E+000
  0.000000000000000E+000
  0.000000000000000E+000
  0.000000000000000E+000
  0.000000000000000E+000
  0.000000000000000E+000
  0.000000000000000E+000
  0.000000000000000E+000
  0.000000000000000E+000
  0.000000000000000E+000
  0.000000000000000E+000
  0.000000000000000E+000
  0.000000000000000E+000
  0.000000000000000E+000
  0.000000000000000E+000
  0.000000000000000E+000
  0.000000000000000E+000
  0.000000000000000E+000
  0.000000000000000E+000
  0.000000000000000E+000
  0.000000000000000E+000
  0.000000000000000E+000
  0.000000000000000E+000
  0.000000000000000E+000
  0.000000000000000E+000
  0.000000000000000E+000
  0.000000000000000E+000
  0.000000000000000E+000
  0.000000000000000E+000
  0.000000000000000E+000
  0.000000000000000E+000
  0.000000000000000E+000
  0.000000000000000E+000
  0.000000000000000E+000
  0.000000000000000E+000
  0.000000000000000E+000
  0.000000000000000E+000
  5.870117831112412E-002
  0.000000000000000E+000
  0.000000000000000E+000
  0.000000000000000E+000
  0.000000000000000E+000
  0.000000000000000E+000
  0.000000000000000E+000
  0.000000000000000E+000
  0.000000000000000E+000
  0.000000000000000E+000
  0.000000000000000E+000
  0.000000000000000E+000
  0.000000000000000E+000
  0.000000000000000E+000
  0.000000000000000E+000
  0.000000000000000E+000
  0.000000000000000E+000
  0.000000000000000E+000
  0.000000000000000E+000
  0.000000000000000E+000
  0.000000000000000E+000
  0.000000000000000E+000
  0.000000000000000E+000
  0.000000000000000E+000
  0.000000000000000E+000
  0.000000000000000E+000
  0.000000000000000E+000
  0.000000000000000E+000
  0.000000000000000E+000
  0.000000000000000E+000
  0.000000000000000E+000
  0.000000000000000E+000
  0.000000000000000E+000
  0.000000000000000E+000
  0.000000000000000E+000
  0.000000000000000E+000
  0.000000000000000E+000
  0.000000000000000E+000
  0.000000000000000E+000
  0.000000000000000E+000
  0.000000000000000E+000
  0.246799085995970     
  0.000000000000000E+000
  0.000000000000000E+000
  0.000000000000000E+000
  0.000000000000000E+000
  0.000000000000000E+000
  0.000000000000000E+000
  0.000000000000000E+000
  0.000000000000000E+000
  0.000000000000000E+000
  0.000000000000000E+000
  0.000000000000000E+000
  0.000000000000000E+000
  0.000000000000000E+000
  0.000000000000000E+000
  0.000000000000000E+000
  0.000000000000000E+000
  0.000000000000000E+000
  0.000000000000000E+000
  0.000000000000000E+000
  0.000000000000000E+000
  0.000000000000000E+000
  0.000000000000000E+000
  0.000000000000000E+000
